1000.0560760498047    301.379581451416    14.628258109092712
7.5    301.3795471191406    14.628284454345703    -12.530533790588379    -3.978837490081787
22.5    301.379638671875    14.628206253051758    -12.584516525268555    -1.4515470266342163
37.5    301.37994384765625    14.62795352935791    -12.612832069396973    0.218328595161438
53.65380096435547    301.3805847167969    14.62739086151123    -12.646421432495117    1.4978718757629395
72.11540222167969    301.38201904296875    14.626163482666016    -12.701801300048828    2.362731695175171
92.88459777832031    301.38446044921875    14.624112129211426    -12.764435768127441    2.838865041732788
115.96150207519531    301.3868713378906    14.622166633605957    -12.790964126586914    3.2106895446777344
141.34620666503906    301.3887634277344    14.62071418762207    -12.811271667480469    3.6057491302490234
169.0384979248047    301.39056396484375    14.619504928588867    -12.850035667419434    4.069403648376465
199.0384979248047    301.3925476074219    14.618141174316406    -12.79484748840332    4.7934112548828125
231.34620666503906    301.3951416015625    14.61585521697998    -12.64714527130127    5.77327299118042
265.96160888671875    301.3991394042969    14.611861228942871    -12.435968399047852    7.025986671447754
302.8846130371094    301.4054260253906    14.605003356933594    -12.165002822875977    8.038228034973145
342.1153869628906    301.41357421875    14.596131324768066    -11.826801300048828    8.4407958984375
383.6539001464844    301.42205810546875    14.587254524230957    -11.402732849121094    8.60594367980957
427.5    301.43096923828125    14.57752513885498    -11.036897659301758    8.866912841796875
473.65380859375    301.4397888183594    14.568201065063477    -10.872323989868164    9.174192428588867
522.1154174804688    301.4462585449219    14.562051773071289    -10.892325401306152    9.389070510864258
572.8847045898438    301.4585876464844    14.548467636108398    -10.683170318603516    9.39992904663086
625.9616088867188    301.48931884765625    14.51168441772461    -10.380034446716309    8.979991912841797
681.34619140625    301.52813720703125    14.465018272399902    -9.952987670898438    8.698619842529297
739.0383911132812    301.5545654296875    14.434843063354492    -9.184385299682617    9.112312316894531
799.0383911132812    301.5302734375    14.467548370361328    -8.521406173706055    9.674559593200684
861.34619140625    301.6213073730469    14.354720115661621    -7.255356788635254    10.185530662536621
925.9616088867188    301.7508850097656    14.192059516906738    -6.865540981292725    10.409246444702148
992.8847045898438    301.7514953613281    14.19240951538086    -6.548686504364014    10.199430465698242
1062.1156005859375    301.8188171386719    14.099783897399902    -6.184874057769775    9.674468994140625
1133.6539306640625    302.1009826660156    13.704195022583008    -5.290936470031738    8.500112533569336
1207.5001220703125    302.6722106933594    12.855879783630371    -3.7880067825317383    8.056219100952148
1283.65380859375    303.17340087890625    12.053582191467285    -2.8464112281799316    7.680635452270508
1362.115478515625    303.5948791503906    11.30844497680664    -2.4479527473449707    7.409078121185303
1442.884765625    303.8407897949219    10.833789825439453    -2.173588752746582    7.402653694152832
1525.9617919921875    304.0544128417969    10.439958572387695    -1.8412165641784668    7.613550662994385
1611.34619140625    304.3206787109375    9.99572467803955    -1.4222135543823242    7.8024396896362305
1699.03857421875    304.6416015625    9.482389450073242    -0.9424506425857544    7.9225263595581055
1789.03857421875    304.9642333984375    8.985358238220215    -0.5816432237625122    7.912005424499512
1881.34619140625    305.2833251953125    8.517660140991211    -0.219707652926445    7.888920783996582
1975.9615478515625    305.5858459472656    8.092829704284668    0.1510086953639984    7.772483825683594
2072.884521484375    305.8614807128906    7.722343444824219    0.495186984539032    7.658095836639404
2172.115234375    306.1275634765625    7.3796563148498535    0.8163721561431885    7.629464149475098
2273.654052734375    306.4114990234375    7.022861480712891    1.1665946245193481    7.6338911056518555
2377.5    306.70123291015625    6.673896789550781    1.5297198295593262    7.603907108306885
2483.654052734375    306.9761657714844    6.357198238372803    1.8651537895202637    7.570732116699219
2592.11572265625    307.2453308105469    6.065640449523926    2.191091537475586    7.565084457397461
2702.885009765625    307.5279235839844    5.782195568084717    2.5265703201293945    7.5696210861206055
2815.961669921875    307.8292541503906    5.493777275085449    2.8828392028808594    7.561022758483887
2931.346435546875    308.13592529296875    5.201688766479492    3.2544708251953125    7.524369716644287
3049.03857421875    308.4520568847656    4.917540550231934    3.6309361457824707    7.4965925216674805
3169.038818359375    308.7962951660156    4.638752460479736    4.018259048461914    7.481123924255371
3291.34619140625    309.14886474609375    4.364794731140137    4.415911674499512    7.458086967468262
3415.961669921875    309.48663330078125    4.098993301391602    4.812250137329102    7.420862197875977
3542.884765625    309.8169860839844    3.8450119495391846    5.206748962402344    7.40509033203125
3672.115234375    310.1622619628906    3.605966091156006    5.5947465896606445    7.391793251037598
3803.654052734375    310.53533935546875    3.3812737464904785    5.981406211853027    7.394709587097168
3937.50048828125    310.9124450683594    3.166813373565674    6.372250556945801    7.437110900878906
4073.654296875    311.2665100097656    2.9597673416137695    6.757874488830566    7.494071006774902
4212.115234375    311.620361328125    2.7518234252929688    7.146878242492676    7.4964776039123535
4352.884765625    311.9879455566406    2.5523149967193604    7.537603378295898    7.485380172729492
4495.96142578125    312.3778076171875    2.372957944869995    7.914319038391113    7.488690376281738
4641.3466796875    312.816650390625    2.2006542682647705    8.304759979248047    7.489664554595947
4789.03857421875    313.27569580078125    2.0279946327209473    8.72203254699707    7.473670959472656
4939.03857421875    313.70196533203125    1.8624796867370605    9.132476806640625    7.430148124694824
5091.34619140625    314.09991455078125    1.7084016799926758    9.517858505249023    7.385032653808594
5245.96142578125    314.492431640625    1.5655556917190552    9.893010139465332    7.427701950073242
5402.884765625    314.8935546875    1.4306305646896362    10.277578353881836    7.536246299743652
5562.11572265625    315.3244323730469    1.3025176525115967    10.677860260009766    7.5982666015625
5723.65478515625    315.8068542480469    1.1855934858322144    11.074325561523438    7.562905788421631
5887.50048828125    316.3301696777344    1.0827168226242065    11.450759887695312    7.503893852233887
6053.654296875    316.83502197265625    0.9871005415916443    11.810497283935547    7.47389030456543
6222.11572265625    317.2876892089844    0.8949437141418457    12.164257049560547    7.458111763000488
6392.88525390625    317.7291259765625    0.8075970411300659    12.516132354736328    7.469118118286133
6565.96142578125    318.1902160644531    0.7247899770736694    12.876569747924805    7.492079257965088
6741.345703125    318.65411376953125    0.6480964422225952    13.236364364624023    7.478664398193359
6919.03857421875    319.1040954589844    0.5796695351600647    13.584943771362305    7.459893226623535
7099.0390625    319.5678405761719    0.5182934403419495    13.922802925109863    7.461513996124268
7281.345703125    320.0543212890625    0.4609518349170685    14.255117416381836    7.442197799682617
7465.96142578125    320.5444030761719    0.40717971324920654    14.581523895263672    7.416873931884766
7652.884765625    321.03887939453125    0.3574965298175812    14.9089937210083    7.429481506347656
7842.115234375    321.5662536621094    0.31418362259864807    15.227797508239746    7.4282732009887695
8033.654296875    322.1480712890625    0.27697989344596863    15.527423858642578    7.42275333404541
8227.5    322.74920654296875    0.24272099137306213    15.831977844238281    7.423714637756348
8423.6533203125    323.3056640625    0.21112988889217377    16.134645462036133    7.402588844299316
8622.1162109375    323.8292236328125    0.18310560286045074    16.414142608642578    7.403610706329346
8822.8857421875    324.359619140625    0.15805111825466156    16.679931640625    7.460451126098633
9025.9619140625    324.9019775390625    0.13519103825092316    16.95154571533203    7.519643306732178
9231.345703125    325.44891357421875    0.1146191880106926    17.22744369506836    7.520451545715332
9439.0390625    326.0233154296875    0.09661176800727844    17.490894317626953    7.476252555847168
9649.0390625    326.61865234375    0.08126228302717209    17.738914489746094    7.408512115478516
9861.34765625    327.1931457519531    0.06851638853549957    17.968063354492188    7.373273849487305
10075.9609375    327.741455078125    0.05760227143764496    18.18665313720703    7.376397132873535
10292.884765625    328.2855224609375    0.04796959459781647    18.405838012695312    7.369441032409668
10512.115234375    328.86737060546875    0.03965875506401062    18.619287490844727    7.370168685913086
10733.6552734375    329.47589111328125    0.03257536515593529    18.823854446411133    7.387299537658691
10957.5    330.07452392578125    0.026623446494340897    19.01653289794922    7.426307678222656
11183.654296875    330.67095947265625    0.02151692844927311    19.21002960205078    7.462576866149902
11412.1162109375    331.2832946777344    0.01714112050831318    19.40829849243164    7.4500226974487305
11642.884765625    331.9805908203125    0.013491787016391754    19.591054916381836    7.397600173950195
11875.9609375    333.01422119140625    0.011056842282414436    19.747600555419922    7.363857746124268
12111.34765625    335.03472900390625    0.010397286154329777    19.888957977294922    7.421454906463623
12349.0400390625    338.6381530761719    0.010599937289953232    20.051700592041016    7.51719856262207
12589.0400390625    342.8426513671875    0.011141184717416763    20.21080780029297    7.466845512390137
12831.3466796875    346.8096923828125    0.011757987551391125    20.3314151763916    7.411674976348877
13075.9609375    350.8572692871094    0.012371255084872246    20.443828582763672    7.570642471313477
13322.8857421875    355.118408203125    0.013005451299250126    20.5750732421875    7.718785285949707
13572.1171875    359.4182434082031    0.013684382662177086    20.70309829711914    7.667030334472656
13823.65625    363.67572021484375    0.01439056545495987    20.813404083251953    7.527606964111328
14077.5009765625    367.8714904785156    0.015145114623010159    20.918807983398438    7.510432243347168
14333.65625    372.3382873535156    0.015981413424015045    21.041797637939453    7.621332168579102
14592.1171875    377.1039733886719    0.016882793977856636    21.17922592163086    7.6444091796875
14852.884765625    382.072265625    0.017847813665866852    21.306882858276367    7.622641563415527
15115.9619140625    386.9410095214844    0.018904000520706177    21.413040161132812    7.484090805053711
15381.34765625    391.6724548339844    0.02002827636897564    21.490447998046875    7.437383651733398
15649.0400390625    396.7876281738281    0.02119503915309906    21.571216583251953    7.588512420654297
15919.0400390625    401.9688415527344    0.022438829764723778    21.657913208007812    7.543981552124023
16191.34765625    407.1137390136719    0.02373594045639038    21.744298934936523    7.471552848815918
16465.9609375    412.46759033203125    0.02512010931968689    21.84353256225586    7.499634742736816
16742.884765625    418.0340270996094    0.026675397530198097    21.948158264160156    7.510825157165527
17022.1171875    423.76080322265625    0.028410831466317177    22.041770935058594    7.490678787231445
17303.65625    429.5805969238281    0.03024141862988472    22.118976593017578    7.452793121337891
17587.501953125    435.4959411621094    0.032208915799856186    22.18446922302246    7.44149923324585
17872.501953125    441.5370178222656    0.034231316298246384    22.242881774902344    7.451239109039307
18500    454.83794345479265    0.03868413160610209    22.37149146689396    7.472683856538252
