999.98779296875    301.4082450866699    14.60396409034729
7.5    301.4112854003906    14.600086212158203    -12.957897186279297    -5.935636043548584
22.5    301.41729736328125    14.592400550842285    -12.742782592773438    -3.2614693641662598
37.5    301.4232177734375    14.584808349609375    -12.330272674560547    -1.0109233856201172
53.65380096435547    301.42938232421875    14.576981544494629    -11.935720443725586    1.323035478591919
72.11540222167969    301.4352111816406    14.56965160369873    -11.93237590789795    3.579169273376465
92.88459777832031    301.43914794921875    14.565154075622559    -12.713480949401855    5.101122856140137
115.96150207519531    301.4403076171875    14.564582824707031    -13.843742370605469    5.6519317626953125
141.34620666503906    301.44451904296875    14.560625076293945    -14.836593627929688    5.742354393005371
169.0384979248047    301.4579772949219    14.544745445251465    -15.380377769470215    6.251820087432861
199.0384979248047    301.47821044921875    14.520001411437988    -15.237260818481445    7.599165916442871
231.34620666503906    301.4947204589844    14.49997615814209    -14.372108459472656    8.895029067993164
265.96160888671875    301.5020446777344    14.492143630981445    -13.399158477783203    9.090993881225586
302.8846130371094    301.5091247558594    14.48482894897461    -12.54817008972168    8.170042037963867
342.1153869628906    301.50921630859375    14.486205101013184    -11.933063507080078    6.581606388092041
383.6539001464844    301.5082702636719    14.48953914642334    -11.610844612121582    5.507556915283203
427.5    301.5177917480469    14.47954273223877    -11.540838241577148    5.731133460998535
473.65380859375    301.5346374511719    14.460987091064453    -11.469938278198242    6.167459011077881
522.1154174804688    301.5412292480469    14.455376625061035    -11.3319091796875    6.729696750640869
572.8847045898438    301.54058837890625    14.458280563354492    -11.436139106750488    7.311003684997559
625.9616088867188    301.5395812988281    14.461735725402832    -11.822362899780273    8.397699356079102
681.34619140625    301.5381774902344    14.465505599975586    -12.283132553100586    9.3996000289917
739.0383911132812    301.5335693359375    14.473978042602539    -12.396099090576172    9.72636604309082
799.0383911132812    301.5293884277344    14.481775283813477    -12.047204971313477    9.841720581054688
861.34619140625    301.5257873535156    14.48940658569336    -11.18956184387207    9.879964828491211
925.9616088867188    301.525146484375    14.493157386779785    -9.811609268188477    9.70163631439209
992.8847045898438    301.5343933105469    14.48401165008545    -8.134040832519531    9.6885986328125
1062.1156005859375    301.6406555175781    14.342740058898926    -6.510034561157227    10.455860137939453
1133.6539306640625    302.253173828125    13.495268821716309    -4.692328929901123    10.339330673217773
1207.5001220703125    303.0242004394531    12.287200927734375    -2.7644481658935547    8.920867919921875
1283.65380859375    303.37420654296875    11.694049835205078    -2.4936411380767822    8.067747116088867
1362.115478515625    303.6545715332031    11.186327934265137    -2.228241443634033    7.882763862609863
1442.884765625    303.92724609375    10.672850608825684    -1.9356474876403809    7.75044584274292
1525.9617919921875    304.1514892578125    10.270334243774414    -1.6446774005889893    7.63552188873291
1611.34619140625    304.3727722167969    9.9085111618042    -1.3385100364685059    7.540876388549805
1699.03857421875    304.6148986816406    9.524707794189453    -1.0417214632034302    7.477626800537109
1789.03857421875    304.8675842285156    9.133062362670898    -0.7684339284896851    7.484073638916016
1881.34619140625    305.1230163574219    8.751487731933594    -0.5042431354522705    7.478419303894043
1975.9615478515625    305.4031677246094    8.34874153137207    -0.1805710792541504    7.465214729309082
2072.884521484375    305.7012634277344    7.937063694000244    0.20675989985466003    7.414606094360352
2172.115234375    305.9906921386719    7.556677341461182    0.603185772895813    7.318690299987793
2273.654052734375    306.24847412109375    7.22659158706665    0.9409012794494629    7.267938613891602
2377.5    306.51580810546875    6.897186279296875    1.2715649604797363    7.306719779968262
2483.654052734375    306.79144287109375    6.569015026092529    1.6224701404571533    7.330324172973633
2592.11572265625    307.0698547363281    6.252687931060791    1.9623750448226929    7.2813801765441895
2702.885009765625    307.3719787597656    5.936544418334961    2.324599266052246    7.281558036804199
2815.961669921875    307.68719482421875    5.631174087524414    2.7075328826904297    7.335659980773926
2931.346435546875    307.9942932128906    5.3367695808410645    3.0896124839782715    7.365016937255859
3049.03857421875    308.296630859375    5.054482460021973    3.4643826484680176    7.399593353271484
3169.038818359375    308.62371826171875    4.7767558097839355    3.8482320308685303    7.440446376800537
3291.34619140625    308.9710998535156    4.503859996795654    4.248099327087402    7.490703105926514
3415.961669921875    309.3072509765625    4.241873741149902    4.638265609741211    7.53654670715332
3542.884765625    309.6402893066406    3.9793899059295654    5.027304649353027    7.578158378601074
3672.115234375    309.9900207519531    3.719627857208252    5.4449663162231445    7.63394832611084
3803.654052734375    310.35986328125    3.482792854309082    5.864123344421387    7.659560203552246
3937.50048828125    310.7496643066406    3.2599635124206543    6.276226997375488    7.632156848907471
4073.654296875    311.1269836425781    3.042741537094116    6.686739921569824    7.622190475463867
4212.115234375    311.4764099121094    2.8360836505889893    7.076035499572754    7.65106201171875
4352.884765625    311.8253479003906    2.6362223625183105    7.453823089599609    7.716709136962891
4495.96142578125    312.2273254394531    2.4379630088806152    7.866772174835205    7.777184963226318
4641.3466796875    312.6806335449219    2.2519540786743164    8.30430793762207    7.766286373138428
4789.03857421875    313.1269836425781    2.0841829776763916    8.717680931091309    7.716255187988281
4939.03857421875    313.5520935058594    1.9209465980529785    9.10873031616211    7.735382556915283
5091.34619140625    313.9826354980469    1.7529174089431763    9.52182674407959    7.8106184005737305
5245.96142578125    314.416259765625    1.5925116539001465    9.95492172241211    7.845803260803223
5402.884765625    314.8384094238281    1.4484071731567383    10.370529174804688    7.832938194274902
5562.11572265625    315.26556396484375    1.3188824653625488    10.75979232788086    7.779288291931152
5723.65478515625    315.72705078125    1.2033846378326416    11.135188102722168    7.659330368041992
5887.50048828125    316.2379150390625    1.100206732749939    11.501214027404785    7.563182830810547
6053.654296875    316.7622985839844    1.0011820793151855    11.865806579589844    7.536860466003418
6222.11572265625    317.2398986816406    0.9047439098358154    12.226207733154297    7.558401107788086
6392.88525390625    317.70758056640625    0.8119457960128784    12.590160369873047    7.5821428298950195
6565.96142578125    318.19256591796875    0.7245563864707947    12.957749366760254    7.550548553466797
6741.345703125    318.6595764160156    0.6473631858825684    13.303728103637695    7.487787246704102
6919.03857421875    319.10882568359375    0.578921914100647    13.63260269165039    7.433953762054443
7099.0390625    319.5882568359375    0.5159503221511841    13.963253021240234    7.41020393371582
7281.345703125    320.0814208984375    0.4579750895500183    14.290109634399414    7.422685146331787
7465.96142578125    320.561279296875    0.40538477897644043    14.609304428100586    7.452272415161133
7652.884765625    321.04022216796875    0.3573532700538635    14.921880722045898    7.45059871673584
7842.115234375    321.5630798339844    0.31445884704589844    15.229037284851074    7.427400588989258
8033.654296875    322.1519775390625    0.2767274081707001    15.528164863586426    7.418850898742676
8227.5    322.7528076171875    0.24250765144824982    15.821803092956543    7.401986122131348
8423.6533203125    323.2961730957031    0.21167106926441193    16.10251235961914    7.378259658813477
8622.1162109375    323.8136291503906    0.1839420050382614    16.372156143188477    7.414083003997803
8822.8857421875    324.3634338378906    0.15791600942611694    16.65277099609375    7.4683074951171875
9025.9619140625    324.9227600097656    0.1343594491481781    16.941204071044922    7.45622444152832
9231.345703125    325.4442138671875    0.11474759131669998    17.20212173461914    7.42291259765625
9439.0390625    325.9817810058594    0.09781444817781448    17.445423126220703    7.433087348937988
9649.0390625    326.5743103027344    0.08233113586902618    17.696334838867188    7.425421714782715
9861.34765625    327.1656188964844    0.06908946484327316    17.941551208496094    7.37495756149292
10075.9609375    327.70703125    0.058257095515728    18.157733917236328    7.365755081176758
10292.884765625    328.242919921875    0.048673857003450394    18.375457763671875    7.395847320556641
10512.115234375    328.8193664550781    0.040278416126966476    18.593135833740234    7.401518821716309
10733.6552734375    329.4341125488281    0.033018842339515686    18.80177879333496    7.433158874511719
10957.5    330.0558166503906    0.026792023330926895    19.006807327270508    7.459033966064453
11183.654296875    330.64617919921875    0.021718326956033707    19.20397186279297    7.476980686187744
11412.1162109375    331.2456359863281    0.017387844622135162    19.390811920166016    7.478208541870117
11642.884765625    331.94677734375    0.013635344803333282    19.561370849609375    7.466244220733643
11875.9609375    333.0087585449219    0.011101881042122841    19.72747039794922    7.469771862030029
12111.34765625    335.09625244140625    0.010421061888337135    19.90302085876465    7.431861877441406
12349.0400390625    338.6348876953125    0.010600978508591652    20.061481475830078    7.443266868591309
12589.0400390625    342.71966552734375    0.011120462790131569    20.202651977539062    7.474051475524902
12831.3466796875    346.7945251464844    0.011755848303437233    20.34003257751465    7.487309455871582
13075.9609375    350.8658752441406    0.01237307209521532    20.503026962280273    7.407541275024414
13322.8857421875    354.86920166015625    0.012966965325176716    20.656417846679688    7.29102897644043
13572.1171875    359.014404296875    0.01361975260078907    20.800521850585938    7.47015380859375
13823.65625    363.4333801269531    0.014348207041621208    20.955036163330078    7.7204389572143555
14077.5009765625    367.8853759765625    0.01514810137450695    21.11257553100586    7.685756683349609
14333.65625    372.3990478515625    0.01599319465458393    21.25414276123047    7.623545169830322
14592.1171875    377.2719421386719    0.01691536419093609    21.361804962158203    7.7356672286987305
14852.884765625    382.3843994140625    0.017909513786435127    21.446365356445312    7.682651519775391
15115.9619140625    387.18798828125    0.01896013505756855    21.50530433654785    7.588335037231445
15381.34765625    392.0097351074219    0.0201082956045866    21.55570411682129    7.52742338180542
15649.0400390625    397.0234375    0.021258994936943054    21.60576629638672    7.393136501312256
15919.0400390625    402.0279846191406    0.022462256252765656    21.64813232421875    7.372716426849365
16191.34765625    407.25390625    0.023772522807121277    21.702974319458008    7.422281265258789
16465.9609375    412.68841552734375    0.025179699063301086    21.770692825317383    7.4730682373046875
16742.884765625    418.2368469238281    0.026739494875073433    21.83969497680664    7.487417697906494
17022.1171875    423.8758850097656    0.028452767059206963    21.904117584228516    7.489555835723877
17303.65625    429.6571350097656    0.03026680462062359    21.96434783935547    7.521998405456543
17587.501953125    435.5628967285156    0.03223256394267082    22.020584106445312    7.546798229217529
17872.501953125    441.5661926269531    0.03424384444952011    22.073196411132812    7.554667949676514
18500    454.783934560575    0.03867217634343481    22.18903542317842    7.571995087281654
