1000.0336227416992    301.4151306152344    14.58684515953064
7.5    301.4148254394531    14.587299346923828    -12.88273811340332    -5.32520866394043
22.5    301.4138488769531    14.588566780090332    -13.115171432495117    -3.4128828048706055
37.5    301.4123840332031    14.590312957763672    -13.29477596282959    -2.137688636779785
53.65380096435547    301.4104919433594    14.592511177062988    -13.391263961791992    -0.8447044491767883
72.11540222167969    301.4082336425781    14.595047950744629    -13.277287483215332    0.6312222480773926
92.88459777832031    301.4056701660156    14.597698211669922    -12.999614715576172    2.3556525707244873
115.96150207519531    301.4029235839844    14.600610733032227    -12.77113151550293    3.9954638481140137
141.34620666503906    301.4007568359375    14.60300064086914    -12.883657455444336    4.96779203414917
169.0384979248047    301.4012756347656    14.602886199951172    -13.319074630737305    5.13245964050293
199.0384979248047    301.404296875    14.600226402282715    -13.542713165283203    5.152626037597656
231.34620666503906    301.40875244140625    14.596035957336426    -13.03080940246582    5.561633586883545
265.96160888671875    301.4162902832031    14.587249755859375    -12.2275390625    5.840673923492432
302.8846130371094    301.4319152832031    14.569382667541504    -11.310120582580566    6.021049499511719
342.1153869628906    301.44818115234375    14.550704956054688    -10.487401962280273    6.47598934173584
383.6539001464844    301.4543762207031    14.544245719909668    -10.014654159545898    6.965744972229004
427.5    301.4608154296875    14.538113594055176    -9.888668060302734    7.292877197265625
473.65380859375    301.4631042480469    14.537172317504883    -10.020865440368652    7.474781036376953
522.1154174804688    301.45892333984375    14.544798851013184    -10.211237907409668    7.686315536499023
572.8847045898438    301.4555358886719    14.551453590393066    -10.456851959228516    8.07608413696289
625.9616088867188    301.46624755859375    14.539755821228027    -10.611156463623047    9.075782775878906
681.34619140625    301.53790283203125    14.447920799255371    -10.246105194091797    10.3523588180542
739.0383911132812    301.6163635253906    14.346870422363281    -8.898048400878906    10.292631149291992
799.0383911132812    301.6191101074219    14.34632396697998    -8.0755615234375    9.082784652709961
861.34619140625    301.6932067871094    14.249831199645996    -7.266303062438965    8.623579978942871
925.9616088867188    301.970703125    13.87209415435791    -5.7449564933776855    9.162025451660156
992.8847045898438    302.2712707519531    13.452235221862793    -4.950425148010254    9.269241333007812
1062.1156005859375    302.34625244140625    13.347776412963867    -4.814312934875488    9.030183792114258
1133.6539306640625    302.5736389160156    13.008307456970215    -3.986792802810669    8.811429977416992
1207.5001220703125    303.132568359375    12.108790397644043    -3.034357786178589    8.65456485748291
1283.65380859375    303.61279296875    11.256791114807129    -2.3784875869750977    8.330436706542969
1362.115478515625    303.89007568359375    10.728970527648926    -2.1048061847686768    7.957223892211914
1442.884765625    304.0638427734375    10.422640800476074    -1.879140853881836    7.813719749450684
1525.9617919921875    304.2528381347656    10.107601165771484    -1.6174254417419434    7.724826335906982
1611.34619140625    304.467529296875    9.75903034210205    -1.3280506134033203    7.654793739318848
1699.03857421875    304.6908264160156    9.405930519104004    -1.0417646169662476    7.600196838378906
1789.03857421875    304.9291687011719    9.039085388183594    -0.7403808832168579    7.601420879364014
1881.34619140625    305.18341064453125    8.663091659545898    -0.41661205887794495    7.662683963775635
1975.9615478515625    305.4562072753906    8.274676322937012    -0.06715629249811172    7.723625659942627
2072.884521484375    305.7437744140625    7.879431247711182    0.30660945177078247    7.716841697692871
2172.115234375    306.0296325683594    7.5049357414245605    0.67220139503479    7.641570568084717
2273.654052734375    306.2978820800781    7.164401054382324    1.0141534805297852    7.551292419433594
2377.5    306.55841064453125    6.845827102661133    1.330029010772705    7.4987335205078125
2483.654052734375    306.8335266113281    6.51956844329834    1.6567306518554688    7.552801609039307
2592.11572265625    307.1370849609375    6.180048942565918    2.0211594104766846    7.629533290863037
2702.885009765625    307.4658203125    5.843935489654541    2.4194207191467285    7.634022235870361
2815.961669921875    307.78466796875    5.53833532333374    2.810426712036133    7.5693159103393555
2931.346435546875    308.0783996582031    5.255592346191406    3.1756739616394043    7.498879909515381
3049.03857421875    308.37567138671875    4.982593059539795    3.5278825759887695    7.528273582458496
3169.038818359375    308.7191162109375    4.700112819671631    3.913360118865967    7.6075439453125
3291.34619140625    309.09893798828125    4.404719829559326    4.344029903411865    7.600647926330566
3415.961669921875    309.4646911621094    4.116477012634277    4.764614105224609    7.5317583084106445
3542.884765625    309.8027648925781    3.8542094230651855    5.150659561157227    7.479288101196289
3672.115234375    310.1375427246094    3.620168924331665    5.516937255859375    7.429166793823242
3803.654052734375    310.49432373046875    3.4041049480438232    5.889110565185547    7.384183883666992
3937.50048828125    310.858154296875    3.198033094406128    6.262118339538574    7.386745452880859
4073.654296875    311.2192687988281    2.9880878925323486    6.641641139984131    7.453820705413818
4212.115234375    311.59222412109375    2.7679264545440674    7.050257205963135    7.487627983093262
4352.884765625    311.9750671386719    2.557889938354492    7.471617221832275    7.439043998718262
4495.96142578125    312.37445068359375    2.3730063438415527    7.875078201293945    7.368987083435059
4641.3466796875    312.79180908203125    2.209104061126709    8.264139175415039    7.363970756530762
4789.03857421875    313.2012939453125    2.0561630725860596    8.638242721557617    7.413665771484375
4939.03857421875    313.5931396484375    1.90533447265625    9.005349159240723    7.461221694946289
5091.34619140625    313.9831848144531    1.7531534433364868    9.388032913208008    7.500709533691406
5245.96142578125    314.3831481933594    1.6045422554016113    9.791440963745117    7.531574249267578
5402.884765625    314.7867126464844    1.4652832746505737    10.193385124206543    7.546429634094238
5562.11572265625    315.20867919921875    1.3347938060760498    10.593769073486328    7.534496307373047
5723.65478515625    315.67205810546875    1.2152341604232788    10.990243911743164    7.5271100997924805
5887.50048828125    316.197265625    1.1079610586166382    11.385855674743652    7.55094051361084
6053.654296875    316.7485656738281    1.0041173696517944    11.78459358215332    7.600889682769775
6222.11572265625    317.24884033203125    0.9027870297431946    12.175529479980469    7.617462158203125
6392.88525390625    317.7185363769531    0.8094791769981384    12.555662155151367    7.582684516906738
6565.96142578125    318.18182373046875    0.7261719107627869    12.919997215270996    7.531042098999023
6741.345703125    318.6280517578125    0.6524270176887512    13.259134292602539    7.480546951293945
6919.03857421875    319.0658874511719    0.5854238867759705    13.586130142211914    7.450090408325195
7099.0390625    319.5289611816406    0.5232690572738647    13.920734405517578    7.47764778137207
7281.345703125    320.0181579589844    0.4649425148963928    14.260965347290039    7.50331449508667
7465.96142578125    320.5065002441406    0.41111043095588684    14.596389770507812    7.494732856750488
7652.884765625    320.9919128417969    0.3619628846645355    14.918986320495605    7.491499900817871
7842.115234375    321.5360107421875    0.31668975949287415    15.24560546875    7.521689414978027
8033.654296875    322.1417236328125    0.2774592339992523    15.562339782714844    7.527464866638184
8227.5    322.7275085449219    0.24398471415042877    15.850245475769043    7.503765106201172
8423.6533203125    323.2762145996094    0.2128336876630783    16.130142211914062    7.484017848968506
8622.1162109375    323.8196105957031    0.1836937665939331    16.41912078857422    7.458270072937012
8822.8857421875    324.34771728515625    0.15859830379486084    16.699542999267578    7.417153358459473
9025.9619140625    324.859619140625    0.1368682086467743    16.958927154541016    7.4010748863220215
9231.345703125    325.3873596191406    0.11675064265727997    17.219146728515625    7.432435035705566
9439.0390625    325.9544677734375    0.09858464449644089    17.486358642578125    7.465436935424805
9649.0390625    326.5406494140625    0.08312667161226273    17.74113655090332    7.516101360321045
9861.34765625    327.1318359375    0.06981074810028076    17.987234115600586    7.5556559562683105
10075.9609375    327.70526123046875    0.05827111750841141    18.22787857055664    7.557803153991699
10292.884765625    328.2632141113281    0.04835497960448265    18.45452117919922    7.541989803314209
10512.115234375    328.8522033691406    0.03987079858779907    18.673797607421875    7.513711929321289
10733.6552734375    329.464599609375    0.032686151564121246    18.886642456054688    7.483554840087891
10957.5    330.0688781738281    0.026666276156902313    19.08694839477539    7.454914093017578
11183.654296875    330.6578674316406    0.021610137075185776    19.27486228942871    7.41115140914917
11412.1162109375    331.2521057128906    0.01733400486409664    19.449962615966797    7.36460018157959
11642.884765625    331.9284362792969    0.01370854303240776    19.617149353027344    7.3534064292907715
11875.9609375    332.9705810546875    0.011143705807626247    19.787551879882812    7.348180770874023
12111.34765625    335.0462646484375    0.010404146276414394    19.961559295654297    7.346315383911133
12349.0400390625    338.4906005859375    0.010581893846392632    20.12904167175293    7.473609924316406
12589.0400390625    342.6378173828125    0.011111017316579819    20.293621063232422    7.629552841186523
12831.3466796875    346.882080078125    0.011769920587539673    20.457448959350586    7.570927143096924
13075.9609375    350.8314208984375    0.01236769463866949    20.587024688720703    7.535092353820801
13322.8857421875    355.0198669433594    0.012990962713956833    20.692485809326172    7.689591407775879
13572.1171875    359.56585693359375    0.013707566075026989    20.81224822998047    7.606010437011719
13823.65625    363.8252258300781    0.014416388235986233    20.911705017089844    7.457728385925293
14077.5009765625    368.0213317871094    0.015172957442700863    20.99889373779297    7.52063512802124
14333.65625    372.5757751464844    0.016026418656110764    21.104663848876953    7.470781326293945
14592.1171875    377.3247985839844    0.016925740987062454    21.2109375    7.343230247497559
14852.884765625    382.1795349121094    0.017867647111415863    21.302309036254883    7.407052516937256
15115.9619140625    386.9046630859375    0.018895503133535385    21.39333724975586    7.544236183166504
15381.34765625    391.6479797363281    0.02002030424773693    21.49512481689453    7.591136932373047
15649.0400390625    396.8011474609375    0.021197400987148285    21.58661651611328    7.563054084777832
15919.0400390625    402.07012939453125    0.02246377058327198    21.648590087890625    7.538885116577148
16191.34765625    407.3114013671875    0.023794202134013176    21.70688819885254    7.531925201416016
16465.9609375    412.63446044921875    0.02517741359770298    21.783485412597656    7.514764785766602
16742.884765625    418.1551513671875    0.02672252617776394    21.870718002319336    7.541943550109863
17022.1171875    423.8251647949219    0.028442341834306717    21.949941635131836    7.553522109985352
17303.65625    429.6045227050781    0.0302493404597044    22.01700782775879    7.545508861541748
17587.501953125    435.5250244140625    0.032214369624853134    22.076595306396484    7.545900344848633
17872.501953125    441.5538635253906    0.03423922136425972    22.130992889404297    7.54332160949707
18500    454.8278451649766    0.038697433685975786    22.250762633587186    7.537643885298779
