1000.0517120361328    301.3971748352051    14.614529490470886
7.5    301.3977966308594    14.61379623413086    -12.77977180480957    -6.617275238037109
22.5    301.3993835449219    14.61190128326416    -12.851806640625    -4.912041664123535
37.5    301.40142822265625    14.609435081481934    -12.88214111328125    -3.657228469848633
53.65380096435547    301.40399169921875    14.606414794921875    -12.925582885742188    -2.420696496963501
72.11540222167969    301.40704345703125    14.602836608886719    -12.99697494506836    -1.0801522731781006
92.88459777832031    301.4104919433594    14.5988187789917    -13.086793899536133    0.37184104323387146
115.96150207519531    301.4144592285156    14.594191551208496    -13.148797035217285    1.9790120124816895
141.34620666503906    301.4195556640625    14.588109016418457    -13.174243927001953    3.8198299407958984
169.0384979248047    301.4275817871094    14.578177452087402    -13.071924209594727    5.942895889282227
199.0384979248047    301.441650390625    14.560397148132324    -12.533712387084961    7.896576881408691
231.34620666503906    301.4599914550781    14.537604331970215    -11.885345458984375    8.793128967285156
265.96160888671875    301.4698486328125    14.526512145996094    -11.573583602905273    8.871767044067383
302.8846130371094    301.47222900390625    14.525094032287598    -11.423832893371582    8.761812210083008
342.1153869628906    301.47320556640625    14.52568244934082    -11.35708236694336    8.56711196899414
383.6539001464844    301.4742431640625    14.526232719421387    -11.324140548706055    8.308024406433105
427.5    301.47503662109375    14.527151107788086    -11.262635231018066    8.12571907043457
473.65380859375    301.4783020019531    14.52471923828125    -11.074804306030273    8.23760986328125
522.1154174804688    301.4864807128906    14.515996932983398    -10.757040023803711    8.491003036499023
572.8847045898438    301.5035400390625    14.496262550354004    -10.614469528198242    8.575752258300781
625.9616088867188    301.56280517578125    14.423150062561035    -10.173770904541016    8.872139930725098
681.34619140625    301.6128234863281    14.359696388244629    -9.519773483276367    9.05147933959961
739.0383911132812    301.7166442871094    14.22880744934082    -8.444364547729492    9.055631637573242
799.0383911132812    301.8135070800781    14.105579376220703    -8.467721939086914    9.292515754699707
861.34619140625    301.85797119140625    14.048776626586914    -8.652913093566895    10.121912002563477
925.9616088867188    301.8702087402344    14.030452728271484    -8.105104446411133    10.890185356140137
992.8847045898438    301.9040222167969    13.981306076049805    -7.180054664611816    10.664788246154785
1062.1156005859375    301.913818359375    13.969487190246582    -6.619965076446533    9.488868713378906
1133.6539306640625    302.18603515625    13.573266983032227    -4.95733642578125    8.546064376831055
1207.5001220703125    302.8997802734375    12.470464706420898    -3.754730701446533    7.777631759643555
1283.65380859375    303.4159240722656    11.612070083618164    -3.013233184814453    7.3722100257873535
1362.115478515625    303.7283630371094    11.043413162231445    -2.5869669914245605    7.369868278503418
1442.884765625    304.0155029296875    10.51124382019043    -2.248368263244629    7.388338088989258
1525.9617919921875    304.26080322265625    10.089526176452637    -1.9546144008636475    7.368461608886719
1611.34619140625    304.4936218261719    9.716290473937988    -1.6508495807647705    7.377937316894531
1699.03857421875    304.7279052734375    9.347201347351074    -1.3571839332580566    7.378647327423096
1789.03857421875    304.9649963378906    8.985336303710938    -1.0717607736587524    7.415252208709717
1881.34619140625    305.2115478515625    8.623037338256836    -0.7486346960067749    7.513345718383789
1975.9615478515625    305.4840393066406    8.23487663269043    -0.39040833711624146    7.532177925109863
2072.884521484375    305.780517578125    7.829537391662598    0.00802883505821228    7.481738567352295
2172.115234375    306.04998779296875    7.479723930358887    0.39318329095840454    7.408073425292969
2273.654052734375    306.28106689453125    7.1852288246154785    0.7206637859344482    7.320734977722168
2377.5    306.51580810546875    6.896495819091797    1.0252630710601807    7.297109603881836
2483.654052734375    306.7713317871094    6.592314720153809    1.3647359609603882    7.35984468460083
2592.11572265625    307.0528259277344    6.272037506103516    1.7239971160888672    7.385862350463867
2702.885009765625    307.3680725097656    5.941168308258057    2.119265556335449    7.405654430389404
2815.961669921875    307.68865966796875    5.630173206329346    2.5365445613861084    7.477752685546875
2931.346435546875    308.003662109375    5.327921390533447    2.9537954330444336    7.537759780883789
3049.03857421875    308.3210754394531    5.031641006469727    3.357788562774658    7.558507442474365
3169.038818359375    308.66192626953125    4.745630264282227    3.7681498527526855    7.567115783691406
3291.34619140625    309.0234069824219    4.463610649108887    4.198227405548096    7.539328575134277
3415.961669921875    309.3697814941406    4.191805362701416    4.617556571960449    7.50599479675293
3542.884765625    309.6828308105469    3.945408344268799    4.997218608856201    7.4844651222229
3672.115234375    310.0115661621094    3.7058541774749756    5.378630638122559    7.497241973876953
3803.654052734375    310.3840637207031    3.4703168869018555    5.798341274261475    7.554128170013428
3937.50048828125    310.7615661621094    3.2533340454101562    6.226871490478516    7.558178901672363
4073.654296875    311.1127624511719    3.0516698360443115    6.617793083190918    7.492092132568359
4212.115234375    311.463623046875    2.843813180923462    6.997803688049316    7.443935394287109
4352.884765625    311.8324279785156    2.632751941680908    7.397483825683594    7.440185546875
4495.96142578125    312.2225036621094    2.439344882965088    7.807340621948242    7.511325836181641
4641.3466796875    312.6397705078125    2.267228841781616    8.215866088867188    7.582373142242432
4789.03857421875    313.07183837890625    2.1049282550811768    8.623053550720215    7.625809669494629
4939.03857421875    313.49267578125    1.9443325996398926    9.029634475708008    7.6699442863464355
5091.34619140625    313.89752197265625    1.7858798503875732    9.434499740600586    7.723596096038818
5245.96142578125    314.30731201171875    1.6319787502288818    9.845590591430664    7.7134809494018555
5402.884765625    314.7166442871094    1.4889273643493652    10.250380516052246    7.666714668273926
5562.11572265625    315.1381530761719    1.3550347089767456    10.641931533813477    7.673141956329346
5723.65478515625    315.63653564453125    1.2240400314331055    11.063243865966797    7.711880683898926
5887.50048828125    316.2076416015625    1.1060295104980469    11.509315490722656    7.654143333435059
6053.654296875    316.75506591796875    1.0026665925979614    11.903057098388672    7.561801433563232
6222.11572265625    317.2379150390625    0.9048136472702026    12.267086029052734    7.549047470092773
6392.88525390625    317.6947326660156    0.8139087557792664    12.629194259643555    7.536721229553223
6565.96142578125    318.1452331542969    0.7325575351715088    12.976091384887695    7.540406227111816
6741.345703125    318.59619140625    0.6578157544136047    13.307371139526367    7.552767753601074
6919.03857421875    319.0543212890625    0.587067723274231    13.647211074829102    7.579472541809082
7099.0390625    319.5256042480469    0.5236208438873291    13.986457824707031    7.631671905517578
7281.345703125    320.0212707519531    0.4646764099597931    14.322287559509277    7.698640823364258
7465.96142578125    320.52960205078125    0.4086344540119171    14.666461944580078    7.715054512023926
7652.884765625    321.0243835449219    0.35890617966651917    14.99818229675293    7.6782965660095215
7842.115234375    321.5414123535156    0.316316157579422    15.30799674987793    7.585887908935547
8033.654296875    322.11041259765625    0.2792961001396179    15.598676681518555    7.523505210876465
8227.5    322.6992492675781    0.24539323151111603    15.884195327758789    7.538215637207031
8423.6533203125    323.2600402832031    0.21363884210586548    16.17112922668457    7.547740936279297
8622.1162109375    323.80816650390625    0.18430115282535553    16.456680297851562    7.531148910522461
8822.8857421875    324.35577392578125    0.1582358032464981    16.73138999938965    7.533633232116699
9025.9619140625    324.8927307128906    0.13548925518989563    16.995742797851562    7.562095642089844
9231.345703125    325.4197998046875    0.11561727523803711    17.25710105895996    7.567191123962402
9439.0390625    325.9689025878906    0.09820649772882462    17.51104736328125    7.521407127380371
9649.0390625    326.5407409667969    0.08313166350126266    17.748992919921875    7.498208999633789
9861.34765625    327.1237487792969    0.06995910406112671    17.98270034790039    7.544971466064453
10075.9609375    327.6977233886719    0.058415256440639496    18.215999603271484    7.588004112243652
10292.884765625    328.2590026855469    0.04843074828386307    18.43872833251953    7.562239646911621
10512.115234375    328.8492736816406    0.039906203746795654    18.65271759033203    7.511589050292969
10733.6552734375    329.46588134765625    0.03266831859946251    18.86422348022461    7.487705230712891
10957.5    330.0773010253906    0.026586225256323814    19.0692138671875    7.45495080947876
11183.654296875    330.6629638671875    0.021572766825556755    19.256229400634766    7.409333229064941
11412.1162109375    331.2540588378906    0.017334673553705215    19.430320739746094    7.377608299255371
11642.884765625    331.9517517089844    0.013625905849039555    19.60610008239746    7.335587501525879
11875.9609375    332.9852294921875    0.011082208715379238    19.778032302856445    7.237768650054932
12111.34765625    334.90692138671875    0.010390893556177616    19.94826316833496    7.279088020324707
12349.0400390625    338.26043701171875    0.010555597022175789    20.13463592529297    7.510309219360352
12589.0400390625    342.49884033203125    0.01109164860099554    20.341045379638672    7.685223579406738
12831.3466796875    346.759521484375    0.011751906014978886    20.534912109375    7.703621864318848
13075.9609375    350.8558044433594    0.012370627373456955    20.69961166381836    7.56904411315918
13322.8857421875    354.974365234375    0.012983342632651329    20.844707489013672    7.473879814147949
13572.1171875    359.2001037597656    0.013648738153278828    20.98113441467285    7.532898902893066
13823.65625    363.6120300292969    0.014380304142832756    21.12932586669922    7.606411933898926
14077.5009765625    368.0224609375    0.015172909945249557    21.25584602355957    7.671789169311523
14333.65625    372.56451416015625    0.016024528071284294    21.362258911132812    7.690595626831055
14592.1171875    377.3425598144531    0.016929086297750473    21.47171401977539    7.586483001708984
14852.884765625    382.260986328125    0.017884381115436554    21.543800354003906    7.581930637359619
15115.9619140625    387.1805114746094    0.01895923726260662    21.60045051574707    7.597813129425049
15381.34765625    392.0150146484375    0.02010621502995491    21.66336441040039    7.494215488433838
15649.0400390625    397.0408630371094    0.02125128172338009    21.687969207763672    7.539305686950684
15919.0400390625    402.3286437988281    0.022516580298542976    21.67959976196289    7.598974227905273
16191.34765625    407.6673278808594    0.02386852540075779    21.659160614013672    7.548032760620117
16465.9609375    413.0020446777344    0.025265244767069817    21.645244598388672    7.49692964553833
16742.884765625    418.47149658203125    0.026815064251422882    21.65424156188965    7.448011875152588
17022.1171875    424.09674072265625    0.02853327989578247    21.68511199951172    7.380383014678955
17303.65625    429.8076171875    0.030333256348967552    21.72791290283203    7.351325988769531
17587.501953125    435.64874267578125    0.032272819429636    21.77608871459961    7.358816146850586
17872.501953125    441.59844970703125    0.034257855266332626    21.824203491210938    7.354212760925293
18500    454.69820248453243    0.03862840302248706    21.93014008191071    7.344077267321317
