1000.0391464233398    301.42223739624023    14.589118123054504
7.5    301.4229736328125    14.588254928588867    -12.71274471282959    -6.954300880432129
22.5    301.42474365234375    14.586170196533203    -12.909988403320312    -5.440237998962402
37.5    301.4269104003906    14.58360767364502    -13.087169647216797    -4.376312732696533
53.65380096435547    301.42974853515625    14.580254554748535    -13.29525375366211    -3.4936792850494385
72.11540222167969    301.43328857421875    14.576058387756348    -13.561283111572266    -2.6999447345733643
92.88459777832031    301.4369812011719    14.571627616882324    -13.861555099487305    -1.9569342136383057
115.96150207519531    301.4399719238281    14.567922592163086    -14.13517951965332    -0.9633873105049133
141.34620666503906    301.4421081542969    14.565192222595215    -14.21059513092041    0.5618165731430054
169.0384979248047    301.44384765625    14.563023567199707    -14.122836112976074    2.265993118286133
199.0384979248047    301.4452209472656    14.561506271362305    -13.912908554077148    3.570159435272217
231.34620666503906    301.4457702636719    14.561474800109863    -13.521760940551758    4.25477409362793
265.96160888671875    301.4457092285156    14.562911033630371    -12.894363403320312    4.505751132965088
302.8846130371094    301.4470520019531    14.562614440917969    -12.095069885253906    4.263888359069824
342.1153869628906    301.456298828125    14.552000999450684    -11.021970748901367    4.227078914642334
383.6539001464844    301.4703369140625    14.534497261047363    -10.522184371948242    4.261139869689941
427.5    301.486083984375    14.5154447555542    -10.916470527648926    4.678863525390625
473.65380859375    301.5054626464844    14.492691993713379    -11.260924339294434    5.8171186447143555
522.1154174804688    301.523681640625    14.471295356750488    -10.538738250732422    7.174652576446533
572.8847045898438    301.5462341308594    14.444873809814453    -9.87153148651123    8.223299980163574
625.9616088867188    301.5721435546875    14.414505004882812    -9.399001121520996    8.467889785766602
681.34619140625    301.5951232910156    14.386786460876465    -8.946076393127441    8.158366203308105
739.0383911132812    301.6262512207031    14.347183227539062    -8.845501899719238    8.749589920043945
799.0383911132812    301.75018310546875    14.17904281616211    -7.961469650268555    9.461347579956055
861.34619140625    302.0250549316406    13.80399227142334    -6.494140625    9.6124267578125
925.9616088867188    302.293701171875    13.409921646118164    -5.601975440979004    9.5784912109375
992.8847045898438    302.4410400390625    13.184403419494629    -4.943758487701416    9.267278671264648
1062.1156005859375    302.6755065917969    12.83218765258789    -4.364835739135742    8.360200881958008
1133.6539306640625    302.9397888183594    12.422694206237793    -3.8836302757263184    8.035667419433594
1207.5001220703125    303.2185363769531    11.965875625610352    -3.4775755405426025    7.815763473510742
1283.65380859375    303.51824951171875    11.434296607971191    -3.0193400382995605    7.692722320556641
1362.115478515625    303.8014831542969    10.910025596618652    -2.602968454360962    7.551985740661621
1442.884765625    303.98065185546875    10.574066162109375    -2.335397958755493    7.563272476196289
1525.9617919921875    304.1781921386719    10.226377487182617    -1.9923813343048096    7.6780595779418945
1611.34619140625    304.4427490234375    9.795366287231445    -1.5839183330535889    7.639165878295898
1699.03857421875    304.7318420410156    9.341848373413086    -1.2035609483718872    7.448121070861816
1789.03857421875    304.95587158203125    8.998492240905762    -0.925369143486023    7.305210113525391
1881.34619140625    305.14898681640625    8.711787223815918    -0.6899615526199341    7.332366943359375
1975.9615478515625    305.38580322265625    8.372611999511719    -0.38332319259643555    7.467260360717773
2072.884521484375    305.6578369140625    7.9949049949646    -0.01738341711461544    7.562694549560547
2172.115234375    305.9452819824219    7.6159892082214355    0.3647505044937134    7.570315361022949
2273.654052734375    306.2409973144531    7.236704349517822    0.7534909248352051    7.505417823791504
2377.5    306.5310363769531    6.878096103668213    1.137841820716858    7.465514183044434
2483.654052734375    306.823486328125    6.531289100646973    1.5247551202774048    7.493236541748047
2592.11572265625    307.1167297363281    6.201222896575928    1.914355993270874    7.509364604949951
2702.885009765625    307.4100036621094    5.897712707519531    2.279059410095215    7.466163635253906
2815.961669921875    307.7219543457031    5.599050998687744    2.6566643714904785    7.462625980377197
2931.346435546875    308.03900146484375    5.295290470123291    3.063117027282715    7.505537986755371
3049.03857421875    308.35601806640625    5.001446723937988    3.4644083976745605    7.5245866775512695
3169.038818359375    308.6812438964844    4.730031490325928    3.85211181640625    7.5334014892578125
3291.34619140625    309.0226745605469    4.463439464569092    4.24559211730957    7.533607482910156
3415.961669921875    309.3652648925781    4.194733142852783    4.6531453132629395    7.534948348999023
3542.884765625    309.6982116699219    3.9340267181396484    5.051466464996338    7.539267539978027
3672.115234375    310.0345153808594    3.6901326179504395    5.443113327026367    7.577224254608154
3803.654052734375    310.3865051269531    3.4673447608947754    5.836146354675293    7.625940799713135
3937.50048828125    310.75823974609375    3.254812479019165    6.236101150512695    7.661045074462891
4073.654296875    311.14312744140625    3.033456802368164    6.655682563781738    7.683078765869141
4212.115234375    311.51397705078125    2.814094305038452    7.076723098754883    7.694151401519775
4352.884765625    311.8739318847656    2.610252618789673    7.476047039031982    7.697445392608643
4495.96142578125    312.2633972167969    2.421269416809082    7.871381759643555    7.731107234954834
4641.3466796875    312.7017517089844    2.2441823482513428    8.286632537841797    7.736873626708984
4789.03857421875    313.15771484375    2.0731544494628906    8.7113037109375    7.69239616394043
4939.03857421875    313.5815734863281    1.9097237586975098    9.113950729370117    7.6663289070129395
5091.34619140625    313.9856262207031    1.7515778541564941    9.508865356445312    7.710553169250488
5245.96142578125    314.39459228515625    1.6002312898635864    9.912943840026855    7.757119178771973
5402.884765625    314.8052673339844    1.4595544338226318    10.317983627319336    7.755054473876953
5562.11572265625    315.2263488769531    1.3296723365783691    10.713680267333984    7.733528137207031
5723.65478515625    315.70391845703125    1.2087650299072266    11.107635498046875    7.656427383422852
5887.50048828125    316.2449035644531    1.0990458726882935    11.505207061767578    7.524836540222168
6053.654296875    316.7661437988281    1.0001897811889648    11.87098503112793    7.455731391906738
6222.11572265625    317.2292785644531    0.9069255590438843    12.217135429382324    7.469924449920654
6392.88525390625    317.6836242675781    0.8164252638816833    12.573071479797363    7.523874282836914
6565.96142578125    318.16888427734375    0.7285223007202148    12.946500778198242    7.532382488250732
6741.345703125    318.6497497558594    0.6488736271858215    13.309433937072754    7.459009170532227
6919.03857421875    319.10076904296875    0.5801071524620056    13.642216682434082    7.392256736755371
7099.0390625    319.5751037597656    0.5175296664237976    13.971847534179688    7.3924784660339355
7281.345703125    320.0743408203125    0.45886147022247314    14.307701110839844    7.423774719238281
7465.96142578125    320.5571594238281    0.405957967042923    14.632402420043945    7.446898460388184
7652.884765625    321.0276184082031    0.35838809609413147    14.941826820373535    7.454416751861572
7842.115234375    321.55157470703125    0.315262109041214    15.249046325683594    7.43280553817749
8033.654296875    322.1481018066406    0.27692753076553345    15.556257247924805    7.4059247970581055
8227.5    322.7475280761719    0.2427656352519989    15.853167533874512    7.400333404541016
8423.6533203125    323.3021240234375    0.21137498319149017    16.143526077270508    7.387886047363281
8622.1162109375    323.8250427246094    0.18340854346752167    16.418190002441406    7.376299858093262
8822.8857421875    324.35675048828125    0.1582310050725937    16.687454223632812    7.413496017456055
9025.9619140625    324.9058837890625    0.13504230976104736    16.967304229736328    7.453624725341797
9231.345703125    325.4415283203125    0.11484616249799728    17.2420711517334    7.443088054656982
9439.0390625    325.99041748046875    0.0975617915391922    17.495624542236328    7.410397529602051
9649.0390625    326.571533203125    0.08239194005727768    17.737974166870117    7.413410663604736
9861.34765625    327.1661376953125    0.0690859705209732    17.98468780517578    7.416695594787598
10075.9609375    327.7222595214844    0.057965923100709915    18.213890075683594    7.3733811378479
10292.884765625    328.2489929199219    0.048559173941612244    18.424503326416016    7.374711990356445
10512.115234375    328.82232666015625    0.04024140536785126    18.641803741455078    7.382328033447266
10733.6552734375    329.4267272949219    0.033094681799411774    18.849658966064453    7.420215606689453
10957.5    330.0445556640625    0.026899538934230804    19.051544189453125    7.51057243347168
11183.654296875    330.6455993652344    0.021720707416534424    19.253599166870117    7.526451110839844
11412.1162109375    331.24456787109375    0.017385220155119896    19.438583374023438    7.516770362854004
11642.884765625    331.9480285644531    0.013623949140310287    19.610519409179688    7.534879207611084
11875.9609375    333.008056640625    0.011108136735856533    19.776947021484375    7.525151252746582
12111.34765625    335.087646484375    0.01043041329830885    19.952518463134766    7.444665908813477
12349.0400390625    338.59088134765625    0.010599247179925442    20.118083953857422    7.398436546325684
12589.0400390625    342.69189453125    0.011116471141576767    20.265588760375977    7.454883098602295
12831.3466796875    346.7771301269531    0.011752869002521038    20.40585708618164    7.483898162841797
13075.9609375    350.8189392089844    0.012366202659904957    20.56561279296875    7.444709777832031
13322.8857421875    354.92987060546875    0.012976507656276226    20.726909637451172    7.356512069702148
13572.1171875    359.09564208984375    0.013632695190608501    20.866680145263672    7.481575012207031
13823.65625    363.4392395019531    0.014349177479743958    21.00775909423828    7.736900329589844
14077.5009765625    367.9911804199219    0.015167733654379845    21.148239135742188    7.746344089508057
14333.65625    372.606689453125    0.01603214256465435    21.273700714111328    7.603339195251465
14592.1171875    377.34014892578125    0.016928307712078094    21.359712600708008    7.677499771118164
14852.884765625    382.4625549316406    0.017926901578903198    21.423603057861328    7.712818145751953
15115.9619140625    387.2806091308594    0.018981045112013817    21.473983764648438    7.5261125564575195
15381.34765625    391.9815979003906    0.02010367438197136    21.514450073242188    7.494678020477295
15649.0400390625    397.04730224609375    0.02126411721110344    21.562271118164062    7.411333084106445
15919.0400390625    402.045654296875    0.022469688206911087    21.604629516601562    7.302891254425049
16191.34765625    407.25933837890625    0.02377449907362461    21.65631675720215    7.396318435668945
16465.9609375    412.70697021484375    0.025185896083712578    21.723552703857422    7.4743804931640625
16742.884765625    418.24951171875    0.02674247696995735    21.790903091430664    7.490530490875244
17022.1171875    423.89990234375    0.028460076078772545    21.853012084960938    7.493057727813721
17303.65625    429.6603698730469    0.03027227148413658    21.912166595458984    7.529952049255371
17587.501953125    435.55975341796875    0.03223308175802231    21.969024658203125    7.550562381744385
17872.501953125    441.56414794921875    0.034243859350681305    22.02182388305664    7.552615165710449
18500    454.7843087949251    0.038671083954518265    22.138074446116622    7.557134877743297
