1000.0429534912109    301.40567779541016    14.600419521331787
7.5    301.4057312011719    14.600404739379883    -12.221141815185547    -4.9579620361328125
22.5    301.4058837890625    14.600372314453125    -12.200042724609375    -2.91882586479187
37.5    301.4060974121094    14.600336074829102    -12.233247756958008    -1.6131154298782349
53.65380096435547    301.4064636230469    14.600281715393066    -12.338525772094727    -0.7747422456741333
72.11540222167969    301.4070739746094    14.600177764892578    -12.53802490234375    -0.4092947244644165
92.88459777832031    301.40802001953125    14.59988784790039    -12.796821594238281    -0.5456938743591309
115.96150207519531    301.40924072265625    14.599015235900879    -13.056793212890625    -0.6835356950759888
141.34620666503906    301.41058349609375    14.597834587097168    -13.182095527648926    -0.28759339451789856
169.0384979248047    301.4122314453125    14.596296310424805    -13.030447006225586    0.7215949296951294
199.0384979248047    301.41455078125    14.593877792358398    -12.704713821411133    2.075058698654175
231.34620666503906    301.4190673828125    14.58863639831543    -12.422281265258789    3.8574740886688232
265.96160888671875    301.4321594238281    14.57205581665039    -12.400754928588867    5.839254856109619
302.8846130371094    301.4729309082031    14.519913673400879    -12.458023071289062    6.673075199127197
342.1153869628906    301.5401611328125    14.434917449951172    -12.088088989257812    7.346004486083984
383.6539001464844    301.5923156738281    14.37016487121582    -11.335174560546875    8.203161239624023
427.5    301.6102294921875    14.349502563476562    -10.621866226196289    9.19853401184082
473.65380859375    301.61199951171875    14.350494384765625    -10.122486114501953    9.972314834594727
522.1154174804688    301.6265563964844    14.335058212280273    -9.649097442626953    10.379828453063965
572.8847045898438    301.6340026855469    14.32686710357666    -9.25417423248291    10.455098152160645
625.9616088867188    301.642333984375    14.315970420837402    -8.768167495727539    10.35271167755127
681.34619140625    301.7320556640625    14.192519187927246    -8.125337600708008    10.225955963134766
739.0383911132812    301.79949951171875    14.096726417541504    -7.669410705566406    10.13957405090332
799.0383911132812    301.8125    14.082627296447754    -7.739625930786133    9.778722763061523
861.34619140625    301.82568359375    14.073808670043945    -7.907287120819092    9.483948707580566
925.9616088867188    301.8460388183594    14.062264442443848    -7.542006969451904    9.296375274658203
992.8847045898438    301.8507385253906    14.057317733764648    -7.022890090942383    9.259407043457031
1062.1156005859375    301.925048828125    13.94477367401123    -6.3519086837768555    9.266368865966797
1133.6539306640625    302.1064147949219    13.679787635803223    -5.429755210876465    9.227476119995117
1207.5001220703125    302.4136657714844    13.25612735748291    -4.279130935668945    8.836750984191895
1283.65380859375    302.9122619628906    12.469019889831543    -3.03993558883667    8.321857452392578
1362.115478515625    303.389404296875    11.649962425231934    -2.3099453449249268    7.872347831726074
1442.884765625    303.7674255371094    10.972329139709473    -1.9089422225952148    7.6819000244140625
1525.9617919921875    304.0674133300781    10.431203842163086    -1.5291872024536133    7.663980007171631
1611.34619140625    304.35430908203125    9.938725471496582    -1.1376234292984009    7.698327541351318
1699.03857421875    304.63226318359375    9.496254920959473    -0.8537748456001282    7.713659286499023
1789.03857421875    304.945556640625    9.016974449157715    -0.5554090738296509    7.667153835296631
1881.34619140625    305.2325134277344    8.591878890991211    -0.26725417375564575    7.550409317016602
1975.9615478515625    305.47491455078125    8.245378494262695    -0.0257997028529644    7.483115196228027
2072.884521484375    305.72772216796875    7.8993988037109375    0.24177494645118713    7.556986331939697
2172.115234375    306.0215759277344    7.516424179077148    0.5807709693908691    7.649833679199219
2273.654052734375    306.3516540527344    7.0980682373046875    0.9746717214584351    7.65749454498291
2377.5    306.6782531738281    6.70076322555542    1.3752326965332031    7.633266448974609
2483.654052734375    306.9592590332031    6.375054836273193    1.7178311347961426    7.597825527191162
2592.11572265625    307.2225341796875    6.088463306427002    2.0229992866516113    7.531554222106934
2702.885009765625    307.5135192871094    5.795654773712158    2.349881649017334    7.474096298217773
2815.961669921875    307.8269958496094    5.495730876922607    2.7091903686523438    7.4366068840026855
2931.346435546875    308.1267395019531    5.21024227142334    3.063349723815918    7.392056941986084
3049.03857421875    308.4266357421875    4.940636157989502    3.4190969467163086    7.329339981079102
3169.038818359375    308.7295837402344    4.691586494445801    3.7710607051849365    7.307128429412842
3291.34619140625    309.0442199707031    4.446123123168945    4.125053405761719    7.350658893585205
3415.961669921875    309.3748779296875    4.186842918395996    4.501592636108398    7.422327518463135
3542.884765625    309.70831298828125    3.926429510116577    4.904348373413086    7.480340957641602
3672.115234375    310.04534912109375    3.682389497756958    5.308472633361816    7.48048210144043
3803.654052734375    310.4111328125    3.452904462814331    5.708118438720703    7.455515384674072
3937.50048828125    310.800537109375    3.2313671112060547    6.114082336425781    7.466630935668945
4073.654296875    311.1839294433594    3.009525775909424    6.532485008239746    7.485255241394043
4212.115234375    311.5512390136719    2.792022943496704    6.957737922668457    7.47905969619751
4352.884765625    311.9073181152344    2.592639923095703    7.36685848236084    7.478137969970703
4495.96142578125    312.2912902832031    2.4085333347320557    7.768496513366699    7.5130295753479
4641.3466796875    312.7322998046875    2.2318172454833984    8.188352584838867    7.5318989753723145
4789.03857421875    313.18792724609375    2.0612776279449463    8.614112854003906    7.523963928222656
4939.03857421875    313.60345458984375    1.9011948108673096    9.016151428222656    7.565680503845215
5091.34619140625    314.0027160644531    1.7454452514648438    9.414995193481445    7.627997398376465
5245.96142578125    314.4151611328125    1.5929404497146606    9.833578109741211    7.637613296508789
5402.884765625    314.8172912597656    1.4551362991333008    10.234179496765137    7.588099479675293
5562.11572265625    315.22906494140625    1.328680396080017    10.614408493041992    7.558208465576172
5723.65478515625    315.6994934082031    1.2092986106872559    11.010586738586426    7.600061416625977
5887.50048828125    316.2409362792969    1.1002748012542725    11.427957534790039    7.622113227844238
6053.654296875    316.7791442871094    0.998728334903717    11.823060989379883    7.556221961975098
6222.11572265625    317.2457275390625    0.9036674499511719    12.186243057250977    7.500159740447998
6392.88525390625    317.6978454589844    0.8135585784912109    12.550024032592773    7.503279685974121
6565.96142578125    318.167236328125    0.7286840081214905    12.921128273010254    7.5151495933532715
6741.345703125    318.6199035644531    0.653769314289093    13.271642684936523    7.487913131713867
6919.03857421875    319.0552978515625    0.5869110822677612    13.602214813232422    7.4721784591674805
7099.0390625    319.5228576660156    0.5240472555160522    13.935556411743164    7.464540004730225
7281.345703125    320.0215759277344    0.464731901884079    14.276278495788574    7.422297477722168
7465.96142578125    320.5144958496094    0.41044190526008606    14.61605453491211    7.330983638763428
7652.884765625    320.9847412109375    0.36242276430130005    14.933599472045898    7.275288105010986
7842.115234375    321.4786682128906    0.32042187452316284    15.229121208190918    7.2942070960998535
8033.654296875    322.04144287109375    0.28323379158973694    15.519733428955078    7.350567817687988
8227.5    322.6502380371094    0.24837374687194824    15.822860717773438    7.404831886291504
8423.6533203125    323.2252197265625    0.21564973890781403    16.12885284423828    7.411991119384766
8622.1162109375    323.7553405761719    0.18686474859714508    16.418128967285156    7.426543712615967
8822.8857421875    324.2899169921875    0.16120122373104095    16.694297790527344    7.492180824279785
9025.9619140625    324.8479919433594    0.13743244111537933    16.974788665771484    7.532181739807129
9231.345703125    325.3941345214844    0.11649353802204132    17.25029754638672    7.490569591522217
9439.0390625    325.95599365234375    0.09852615743875504    17.512731552124023    7.443254470825195
9649.0390625    326.53460693359375    0.08327242732048035    17.76692008972168    7.434656620025635
9861.34765625    327.1033935546875    0.07041061669588089    18.006431579589844    7.472609996795654
10075.9609375    327.664306640625    0.05908101052045822    18.23989486694336    7.508852005004883
10292.884765625    328.2109680175781    0.04918525740504265    18.46941375732422    7.489603519439697
10512.115234375    328.7895202636719    0.040668584406375885    18.686019897460938    7.489985942840576
10733.6552734375    329.4140930175781    0.03323619067668915    18.902523040771484    7.5147504806518555
10957.5    330.03985595703125    0.026932936161756516    19.111921310424805    7.482739448547363
11183.654296875    330.6390380859375    0.02175125852227211    19.307621002197266    7.411900520324707
11412.1162109375    331.2159118652344    0.01758466474711895    19.4809627532959    7.357183456420898
11642.884765625    331.8683776855469    0.014001946896314621    19.63300323486328    7.473372459411621
11875.9609375    332.92816162109375    0.011202569119632244    19.802734375    7.66092586517334
12111.34765625    335.06878662109375    0.010388590395450592    19.993642807006836    7.650115966796875
12349.0400390625    338.64996337890625    0.010591814294457436    20.172983169555664    7.559816360473633
12589.0400390625    342.8471984863281    0.011141996830701828    20.336402893066406    7.493290424346924
12831.3466796875    346.9461975097656    0.011781764216721058    20.47093963623047    7.360121250152588
13075.9609375    350.8749084472656    0.01237399224191904    20.58132553100586    7.345191478729248
13322.8857421875    355.000244140625    0.012987255118787289    20.70586395263672    7.43958854675293
13572.1171875    359.3471374511719    0.013672532513737679    20.836021423339844    7.484522342681885
13823.65625    363.7011413574219    0.014395018108189106    20.96099090576172    7.507500648498535
14077.5009765625    367.989501953125    0.01516696810722351    21.07676124572754    7.533738613128662
14333.65625    372.4463806152344    0.01600205898284912    21.185901641845703    7.599048614501953
14592.1171875    377.21527099609375    0.016905365511775017    21.29079818725586    7.683952331542969
14852.884765625    382.25140380859375    0.0178830549120903    21.391456604003906    7.724267959594727
15115.9619140625    387.1390075683594    0.01894889585673809    21.477890014648438    7.6738600730896
15381.34765625    391.8920593261719    0.020077023655176163    21.55604362487793    7.567009925842285
15649.0400390625    396.93218994140625    0.021230800077319145    21.609298706054688    7.500720500946045
15919.0400390625    402.15447998046875    0.022487923502922058    21.649181365966797    7.484498023986816
16191.34765625    407.4201965332031    0.02381790056824684    21.688621520996094    7.560208320617676
16465.9609375    412.86138916015625    0.02522803284227848    21.733402252197266    7.573711395263672
16742.884765625    418.413330078125    0.026794496923685074    21.78024673461914    7.499855041503906
17022.1171875    424.04949951171875    0.02851039357483387    21.82500457763672    7.456323623657227
17303.65625    429.7951354980469    0.03032102808356285    21.869110107421875    7.423114776611328
17587.501953125    435.6410217285156    0.0322674959897995    21.91373062133789    7.409040451049805
17872.501953125    441.5892028808594    0.03425576165318489    21.960071563720703    7.410009860992432
18500    454.6855960582432    0.038633420672282995    22.06210261928408    7.412144256941974
