1000.0302886962891    301.40753173828125    14.598907351493835
7.5    301.4075012207031    14.598989486694336    -12.569772720336914    -6.061496257781982
22.5    301.40753173828125    14.5990629196167    -12.7159423828125    -4.509620666503906
37.5    301.4076843261719    14.599015235900879    -12.826335906982422    -3.4651288986206055
53.65380096435547    301.4078674316406    14.598828315734863    -12.909968376159668    -2.59419584274292
72.11540222167969    301.4081115722656    14.598490715026855    -12.9443359375    -1.6950085163116455
92.88459777832031    301.4083557128906    14.598135948181152    -12.931482315063477    -0.7347263693809509
115.96150207519531    301.40850830078125    14.597935676574707    -12.941410064697266    0.36089974641799927
141.34620666503906    301.408447265625    14.597954750061035    -12.918213844299316    1.493072271347046
169.0384979248047    301.40826416015625    14.598149299621582    -12.759654998779297    2.4952077865600586
199.0384979248047    301.4081115722656    14.598623275756836    -12.389866828918457    3.3310341835021973
231.34620666503906    301.40777587890625    14.599614143371582    -11.769826889038086    4.060982704162598
265.96160888671875    301.4072570800781    14.60105037689209    -10.99464225769043    5.478873252868652
302.8846130371094    301.40631103515625    14.60226821899414    -10.469220161437988    7.608107566833496
342.1153869628906    301.405517578125    14.602289199829102    -10.167219161987305    8.883893966674805
383.6539001464844    301.4093017578125    14.598365783691406    -10.099519729614258    9.425840377807617
427.5    301.4175720214844    14.590110778808594    -10.391551971435547    9.856754302978516
473.65380859375    301.42840576171875    14.578716278076172    -10.63155746459961    10.247925758361816
522.1154174804688    301.4427490234375    14.562581062316895    -10.46621322631836    10.720646858215332
572.8847045898438    301.4625244140625    14.539510726928711    -10.0377836227417    11.137014389038086
625.9616088867188    301.49322509765625    14.50351619720459    -9.775365829467773    10.930635452270508
681.34619140625    301.506103515625    14.488773345947266    -9.57745361328125    10.382883071899414
739.0383911132812    301.568115234375    14.413286209106445    -9.123435020446777    9.987560272216797
799.0383911132812    301.65234375    14.313302993774414    -8.405423164367676    10.157920837402344
861.34619140625    301.82427978515625    14.099675178527832    -7.458933353424072    10.22346305847168
925.9616088867188    301.9578552246094    13.91376781463623    -6.945415496826172    9.940447807312012
992.8847045898438    302.0767822265625    13.737170219421387    -6.164668083190918    9.515504837036133
1062.1156005859375    302.34796142578125    13.327333450317383    -4.83113431930542    8.981636047363281
1133.6539306640625    302.8230285644531    12.5879545211792    -3.6262950897216797    8.379591941833496
1207.5001220703125    303.2279052734375    11.92662525177002    -3.001467227935791    7.954318523406982
1283.65380859375    303.5724182128906    11.321708679199219    -2.6156086921691895    7.603492736816406
1362.115478515625    303.8829650878906    10.757044792175293    -2.3066067695617676    7.317678928375244
1442.884765625    304.1341247558594    10.307425498962402    -2.0444486141204834    7.214503288269043
1525.9617919921875    304.362060546875    9.92436695098877    -1.7681450843811035    7.2176408767700195
1611.34619140625    304.6015625    9.543200492858887    -1.4178307056427002    7.261604309082031
1699.03857421875    304.829345703125    9.18928050994873    -1.0868377685546875    7.302825450897217
1789.03857421875    305.0419006347656    8.868429183959961    -0.8070837259292603    7.308632850646973
1881.34619140625    305.2483215332031    8.568411827087402    -0.5739650130271912    7.322457790374756
1975.9615478515625    305.4665222167969    8.260064125061035    -0.32202935218811035    7.377662658691406
2072.884521484375    305.70709228515625    7.9287800788879395    -0.022155694663524628    7.449337005615234
2172.115234375    305.9739990234375    7.57781457901001    0.3292851150035858    7.497913360595703
2273.654052734375    306.2564392089844    7.217017650604248    0.7153379917144775    7.5472211837768555
2377.5    306.53228759765625    6.87725830078125    1.0956898927688599    7.601783752441406
2483.654052734375    306.7856750488281    6.575859546661377    1.4395737648010254    7.612580299377441
2592.11572265625    307.0614318847656    6.263533592224121    1.7787814140319824    7.587176322937012
2702.885009765625    307.390380859375    5.919494152069092    2.176994800567627    7.600075721740723
2815.961669921875    307.7379150390625    5.580431938171387    2.604645252227783    7.589008331298828
2931.346435546875    308.0709533691406    5.261210918426514    3.02282977104187    7.526817798614502
3049.03857421875    308.3885498046875    4.9716362953186035    3.4216256141662598    7.484726905822754
3169.038818359375    308.7199401855469    4.699173927307129    3.8183183670043945    7.446999549865723
3291.34619140625    309.061767578125    4.433270454406738    4.221159934997559    7.389697074890137
3415.961669921875    309.3818359375    4.182220458984375    4.5988945960998535    7.366694927215576
3542.884765625    309.6907653808594    3.939277410507202    4.958677291870117    7.401337146759033
3672.115234375    310.0294494628906    3.693232774734497    5.349633693695068    7.428444862365723
3803.654052734375    310.402587890625    3.4582386016845703    5.771782398223877    7.420698165893555
3937.50048828125    310.77996826171875    3.2422447204589844    6.182620048522949    7.399907112121582
4073.654296875    311.1524963378906    3.027364730834961    6.585090160369873    7.394886493682861
4212.115234375    311.5210876464844    2.8093905448913574    7.003013610839844    7.431167125701904
4352.884765625    311.8835754394531    2.604902505874634    7.420562744140625    7.478351593017578
4495.96142578125    312.2613220214844    2.421550989151001    7.822504043579102    7.484140872955322
4641.3466796875    312.6648254394531    2.257495641708374    8.208688735961914    7.489322185516357
4789.03857421875    313.0785827636719    2.102768898010254    8.581953048706055    7.5208234786987305
4939.03857421875    313.4922180175781    1.94472336769104    8.973764419555664    7.582818508148193
5091.34619140625    313.9001770019531    1.7852115631103516    9.392251968383789    7.624842643737793
5245.96142578125    314.3034973144531    1.6331815719604492    9.807777404785156    7.644153118133545
5402.884765625    314.7163391113281    1.4885973930358887    10.21945571899414    7.665087699890137
5562.11572265625    315.143798828125    1.3534722328186035    10.628623008728027    7.693788528442383
5723.65478515625    315.603759765625    1.2315746545791626    11.024259567260742    7.712328910827637
5887.50048828125    316.13275146484375    1.1208419799804688    11.427846908569336    7.683073043823242
6053.654296875    316.6728515625    1.0188742876052856    11.819345474243164    7.6143035888671875
6222.11572265625    317.15191650390625    0.9229021668434143    12.17910385131836    7.6013898849487305
6392.88525390625    317.6202087402344    0.8282923698425293    12.551874160766602    7.642431259155273
6565.96142578125    318.11077880859375    0.7385482788085938    12.948317527770996    7.625446796417236
6741.345703125    318.5938415527344    0.6581383943557739    13.322317123413086    7.554717063903809
6919.03857421875    319.06365966796875    0.5854542255401611    13.675521850585938    7.532168388366699
7099.0390625    319.557373046875    0.5196959972381592    14.02858829498291    7.538174152374268
7281.345703125    320.0527038574219    0.4611663222312927    14.36307144165039    7.546257972717285
7465.96142578125    320.537353515625    0.40792524814605713    14.688241004943848    7.570714950561523
7652.884765625    321.0276794433594    0.35852178931236267    15.013627052307129    7.57008171081543
7842.115234375    321.566650390625    0.31419703364372253    15.33267879486084    7.490557670593262
8033.654296875    322.1513366699219    0.27672049403190613    15.624510765075684    7.391114711761475
8227.5    322.73065185546875    0.24380235373973846    15.899201393127441    7.367765426635742
8423.6533203125    323.2726745605469    0.21302521228790283    16.181732177734375    7.3619184494018555
8622.1162109375    323.7948913574219    0.18484000861644745    16.46258544921875    7.372358798980713
8822.8857421875    324.3327331542969    0.1592542976140976    16.738595962524414    7.399104118347168
9025.9619140625    324.8664855957031    0.13665036857128143    17.003467559814453    7.429980754852295
9231.345703125    325.37847900390625    0.11703518778085709    17.26302719116211    7.471279144287109
9439.0390625    325.9171142578125    0.09967830777168274    17.51924705505371    7.515964508056641
9649.0390625    326.4991149902344    0.08415468782186508    17.774463653564453    7.556279182434082
9861.34765625    327.09722900390625    0.07053320109844208    18.02999496459961    7.565641403198242
10075.9609375    327.6717529296875    0.058911580592393875    18.27496337890625    7.528251647949219
10292.884765625    328.2193603515625    0.049048420041799545    18.50234603881836    7.460291862487793
10512.115234375    328.7974853515625    0.04057272896170616    18.71968650817871    7.424322605133057
10733.6552734375    329.4138488769531    0.03324752673506737    18.933574676513672    7.44736385345459
10957.5    330.02667236328125    0.027062471956014633    19.13861846923828    7.499581336975098
11183.654296875    330.6248474121094    0.02187608741223812    19.332515716552734    7.537944793701172
11412.1162109375    331.23101806640625    0.017496464774012566    19.519142150878906    7.497091770172119
11642.884765625    331.90240478515625    0.013845418579876423    19.692302703857422    7.440646171569824
11875.9609375    332.896240234375    0.01119906920939684    19.85508918762207    7.504218578338623
12111.34765625    334.9548645019531    0.01036791317164898    20.029491424560547    7.6410417556762695
12349.0400390625    338.6774597167969    0.010593527927994728    20.20508575439453    7.67524528503418
12589.0400390625    342.9210510253906    0.011154592037200928    20.367305755615234    7.564294815063477
12831.3466796875    346.9242858886719    0.011777388863265514    20.505523681640625    7.454681396484375
13075.9609375    350.9450988769531    0.012384124100208282    20.62186050415039    7.4801435470581055
13322.8857421875    355.1539306640625    0.013010164722800255    20.738296508789062    7.465445518493652
13572.1171875    359.3656005859375    0.01367663498967886    20.855257034301758    7.4318342208862305
13823.65625    363.63677978515625    0.014383581466972828    20.973236083984375    7.535190582275391
14077.5009765625    368.0263671875    0.015173661522567272    21.098331451416016    7.574980735778809
14333.65625    372.5625915527344    0.016024067997932434    21.205547332763672    7.602360725402832
14592.1171875    377.3099365234375    0.01692243106663227    21.304771423339844    7.654297351837158
14852.884765625    382.23724365234375    0.01787986233830452    21.390565872192383    7.674314975738525
15115.9619140625    387.12225341796875    0.018945978954434395    21.45995330810547    7.708762168884277
15381.34765625    392.0483703613281    0.020115407183766365    21.52767562866211    7.609424591064453
15649.0400390625    397.12939453125    0.021279381588101387    21.5604305267334    7.503393173217773
15919.0400390625    402.2171325683594    0.022506708279252052    21.58063507080078    7.476059913635254
16191.34765625    407.40789794921875    0.023817360401153564    21.623180389404297    7.486628532409668
16465.9609375    412.8631591796875    0.025233816355466843    21.675334930419922    7.513372421264648
16742.884765625    418.3981018066406    0.02679644711315632    21.728321075439453    7.508242130279541
17022.1171875    424.0246276855469    0.028506815433502197    21.77798080444336    7.484484672546387
17303.65625    429.79339599609375    0.030317062512040138    21.82421875    7.408015251159668
17587.501953125    435.6453857421875    0.032265011221170425    21.86871337890625    7.351094722747803
17872.501953125    441.5910339355469    0.03425396606326103    21.913959503173828    7.331056118011475
18500    454.6818501767359    0.03863314247987307    22.01358004565302    7.286936169470612
