1000.0413818359375    301.36724853515625    14.64272391796112
7.5    301.36737060546875    14.64260482788086    -12.521687507629395    -5.203213214874268
22.5    301.3677978515625    14.642232894897461    -12.612801551818848    -3.221682548522949
37.5    301.36846923828125    14.641682624816895    -12.681867599487305    -1.9592174291610718
53.65380096435547    301.369384765625    14.640864372253418    -12.756949424743652    -0.9211241006851196
72.11540222167969    301.37078857421875    14.639640808105469    -12.859674453735352    -0.010049324482679367
92.88459777832031    301.37274169921875    14.63793659210205    -13.019304275512695    0.7715001106262207
115.96150207519531    301.37518310546875    14.635839462280273    -13.194490432739258    1.451596736907959
141.34620666503906    301.3778991699219    14.633525848388672    -13.349420547485352    2.057248830795288
169.0384979248047    301.3807067871094    14.63121509552002    -13.456801414489746    2.645726442337036
199.0384979248047    301.3835754394531    14.629027366638184    -13.443981170654297    3.394566059112549
231.34620666503906    301.3865966796875    14.626699447631836    -13.187884330749512    4.175693511962891
265.96160888671875    301.3905944824219    14.622725486755371    -12.705681800842285    5.0690598487854
302.8846130371094    301.3974914550781    14.614903450012207    -12.210033416748047    6.5870041847229
342.1153869628906    301.40631103515625    14.604660034179688    -11.624591827392578    7.9336113929748535
383.6539001464844    301.4096374511719    14.601839065551758    -11.05626106262207    7.76987361907959
427.5    301.42181396484375    14.587944984436035    -10.434825897216797    7.49102783203125
473.65380859375    301.4554138183594    14.547734260559082    -10.265422821044922    8.01543140411377
522.1154174804688    301.4567565917969    14.548652648925781    -11.058318138122559    8.623841285705566
572.8847045898438    301.4569396972656    14.550816535949707    -11.157468795776367    9.327194213867188
625.9616088867188    301.4933776855469    14.507494926452637    -10.826762199401855    9.744595527648926
681.34619140625    301.54901123046875    14.439364433288574    -10.373128890991211    9.860709190368652
739.0383911132812    301.64056396484375    14.32640552520752    -9.405529022216797    10.53329849243164
799.0383911132812    301.6355895996094    14.335028648376465    -8.6524019241333    10.96203899383545
861.34619140625    301.77447509765625    14.154973983764648    -8.162782669067383    10.519767761230469
925.9616088867188    302.0616149902344    13.75804615020752    -6.727138996124268    10.178899765014648
992.8847045898438    302.1839599609375    13.577099800109863    -6.037807464599609    9.934017181396484
1062.1156005859375    302.2084045410156    13.537928581237793    -5.434780120849609    9.586812973022461
1133.6539306640625    302.4237365722656    13.21909236907959    -4.629697799682617    9.28947639465332
1207.5001220703125    302.8418884277344    12.563281059265137    -3.611483335494995    8.794282913208008
1283.65380859375    303.2987060546875    11.810907363891602    -2.9629626274108887    8.1870698928833
1362.115478515625    303.5832824707031    11.319666862487793    -2.5704360008239746    7.800969123840332
1442.884765625    303.86053466796875    10.802215576171875    -2.153866767883301    7.7742695808410645
1525.9617919921875    304.0998840332031    10.364209175109863    -1.8115676641464233    7.767963409423828
1611.34619140625    304.33099365234375    9.97793960571289    -1.4892330169677734    7.756117820739746
1699.03857421875    304.5584716796875    9.615042686462402    -1.179239273071289    7.7549333572387695
1789.03857421875    304.8283386230469    9.194174766540527    -0.8661565780639648    7.805684566497803
1881.34619140625    305.1538391113281    8.705697059631348    -0.4737626910209656    7.93078088760376
1975.9615478515625    305.47186279296875    8.252163887023926    -0.05513269454240799    7.992900848388672
2072.884521484375    305.74822998046875    7.873817443847656    0.3138797879219055    7.970966339111328
2172.115234375    306.017822265625    7.521039962768555    0.6508762836456299    7.915810585021973
2273.654052734375    306.3215637207031    7.134757041931152    1.0320775508880615    7.807333469390869
2377.5    306.6241455078125    6.765969753265381    1.4330384731292725    7.6949992179870605
2483.654052734375    306.90087890625    6.442194938659668    1.7922229766845703    7.619764804840088
2592.11572265625    307.1759338378906    6.138707637786865    2.123016357421875    7.571248531341553
2702.885009765625    307.4718017578125    5.837413311004639    2.464348316192627    7.562161445617676
2815.961669921875    307.7848815917969    5.536925792694092    2.8242475986480713    7.60841703414917
2931.346435546875    308.1167297363281    5.220233917236328    3.2258386611938477    7.634734153747559
3049.03857421875    308.4710693359375    4.904112815856934    3.6577253341674805    7.569175720214844
3169.038818359375    308.8221435546875    4.618511199951172    4.059283256530762    7.475661277770996
3291.34619140625    309.1524658203125    4.360224723815918    4.418447017669678    7.4155426025390625
3415.961669921875    309.4778747558594    4.104623794555664    4.781352996826172    7.388929843902588
3542.884765625    309.8013000488281    3.8565783500671387    5.161574363708496    7.372597694396973
3672.115234375    310.13800048828125    3.6220128536224365    5.5416107177734375    7.353668689727783
3803.654052734375    310.51251220703125    3.3942036628723145    5.929659366607666    7.385679244995117
3937.50048828125    310.9064025878906    3.1695683002471924    6.337899208068848    7.442317008972168
4073.654296875    311.279052734375    2.9522221088409424    6.7472686767578125    7.440378189086914
4212.115234375    311.6315612792969    2.74491024017334    7.1447248458862305    7.4126434326171875
4352.884765625    311.9814758300781    2.5542211532592773    7.523626327514648    7.38712215423584
4495.96142578125    312.35150146484375    2.3830671310424805    7.886297702789307    7.383581161499023
4641.3466796875    312.78173828125    2.2135610580444336    8.270164489746094    7.453311920166016
4789.03857421875    313.2424011230469    2.040660858154297    8.689607620239258    7.527050971984863
4939.03857421875    313.6576232910156    1.8797744512557983    9.096329689025879    7.526710510253906
5091.34619140625    314.0404357910156    1.730725646018982    9.478232383728027    7.5092973709106445
5245.96142578125    314.4394226074219    1.5842045545578003    9.868240356445312    7.504556655883789
5402.884765625    314.8507080078125    1.4446710348129272    10.267030715942383    7.523759841918945
5562.11572265625    315.26800537109375    1.3180419206619263    10.660192489624023    7.583063125610352
5723.65478515625    315.7294616699219    1.2024959325790405    11.052474975585938    7.588862419128418
5887.50048828125    316.2616271972656    1.0961743593215942    11.447097778320312    7.5592875480651855
6053.654296875    316.7972717285156    0.9950090646743774    11.832980155944824    7.521238803863525
6222.11572265625    317.2763671875    0.8973546624183655    12.20391845703125    7.494688987731934
6392.88525390625    317.7325134277344    0.8068309426307678    12.566640853881836    7.494861602783203
6565.96142578125    318.1826477050781    0.7261248826980591    12.916481971740723    7.486232757568359
6741.345703125    318.63250732421875    0.6519275307655334    13.253545761108398    7.521902084350586
6919.03857421875    319.0909423828125    0.5815650820732117    13.605480194091797    7.5186662673950195
7099.0390625    319.55517578125    0.5200137495994568    13.945106506347656    7.442079544067383
7281.345703125    320.0307312011719    0.4636528491973877    14.266927719116211    7.427847862243652
7465.96142578125    320.52117919921875    0.4097488820552826    14.600175857543945    7.397865295410156
7652.884765625    320.9850769042969    0.3623179495334625    14.912064552307129    7.358778953552246
7842.115234375    321.47119140625    0.3208509683609009    15.201350212097168    7.439896106719971
8033.654296875    322.0548400878906    0.28258875012397766    15.505609512329102    7.565407752990723
8227.5    322.6899108886719    0.24622635543346405    15.826286315917969    7.611111640930176
8423.6533203125    323.2857666015625    0.21232271194458008    16.14670181274414    7.603790283203125
8622.1162109375    323.85101318359375    0.18210741877555847    16.455066680908203    7.558826446533203
8822.8857421875    324.39251708984375    0.15660759806632996    16.734256744384766    7.480709075927734
9025.9619140625    324.9069519042969    0.13499926030635834    16.988399505615234    7.442959785461426
9231.345703125    325.4190979003906    0.11562219262123108    17.239944458007812    7.473124027252197
9439.0390625    325.9753112792969    0.09800301492214203    17.496517181396484    7.490556716918945
9649.0390625    326.5604248046875    0.08266439288854599    17.74321937561035    7.460908889770508
9861.34765625    327.1494140625    0.06942164897918701    17.97977066040039    7.445903778076172
10075.9609375    327.71405029296875    0.05810133367776871    18.207172393798828    7.444432258605957
10292.884765625    328.26239013671875    0.048366546630859375    18.426124572753906    7.465167045593262
10512.115234375    328.85760498046875    0.039793360978364944    18.646629333496094    7.469143390655518
10733.6552734375    329.4769592285156    0.032554205507040024    18.859928131103516    7.444306373596191
10957.5    330.0858154296875    0.026516683399677277    19.055875778198242    7.423959732055664
11183.654296875    330.6773681640625    0.021470915526151657    19.235950469970703    7.413245677947998
11412.1162109375    331.28509521484375    0.01713254302740097    19.41557502746582    7.4102582931518555
11642.884765625    331.9908447265625    0.013448559679090977    19.600807189941406    7.350593566894531
11875.9609375    333.0244445800781    0.011042719706892967    19.764013290405273    7.301107406616211
12111.34765625    335.08062744140625    0.010390042327344418    19.90924835205078    7.335211753845215
12349.0400390625    338.67742919921875    0.010600908659398556    20.05565643310547    7.425562858581543
12589.0400390625    342.8633117675781    0.011144786141812801    20.201147079467773    7.5378618240356445
12831.3466796875    346.9497985839844    0.011780187487602234    20.32465362548828    7.52678108215332
13075.9609375    350.90301513671875    0.012378486804664135    20.431262969970703    7.525751113891602
13322.8857421875    355.0122375488281    0.012989876791834831    20.540611267089844    7.659662246704102
13572.1171875    359.4279479980469    0.01368553377687931    20.670639038085938    7.651373863220215
13823.65625    363.7048645019531    0.014394889585673809    20.798425674438477    7.501770973205566
14077.5009765625    367.78204345703125    0.015128702856600285    20.91350555419922    7.562605857849121
14333.65625    372.2883605957031    0.015972113236784935    21.04776382446289    7.648351669311523
14592.1171875    377.2242431640625    0.01690581627190113    21.1811580657959    7.513724327087402
14852.884765625    382.2093811035156    0.01787550188601017    21.27452278137207    7.4292473793029785
15115.9619140625    386.93707275390625    0.01890338771045208    21.363216400146484    7.465301513671875
15381.34765625    391.56732177734375    0.020001322031021118    21.464210510253906    7.56705904006958
15649.0400390625    396.583740234375    0.021150432527065277    21.561176300048828    7.714567184448242
15919.0400390625    401.8432312011719    0.02240367792546749    21.656055450439453    7.6608686447143555
16191.34765625    407.14337158203125    0.023734496906399727    21.75054168701172    7.523483753204346
16465.9609375    412.537841796875    0.025137079879641533    21.850746154785156    7.461181640625
16742.884765625    418.0643615722656    0.0266894418746233    21.95359230041504    7.410120010375977
17022.1171875    423.70147705078125    0.028400180861353874    22.05135154724121    7.399157524108887
17303.65625    429.48388671875    0.030211610719561577    22.142030715942383    7.443325519561768
17587.501953125    435.4467468261719    0.032190851867198944    22.221128463745117    7.474855422973633
17872.501953125    441.5265197753906    0.034228574484586716    22.286062240600586    7.476408004760742
18500    454.9126448668932    0.038715125230144046    22.42903002359365    7.479826397880127
