1000.0133819580078    301.41485595703125    14.59658658504486
7.5    301.41595458984375    14.595206260681152    -13.222414016723633    -6.001700401306152
22.5    301.41815185546875    14.59245777130127    -13.46413803100586    -3.886070728302002
37.5    301.42034912109375    14.589725494384766    -13.630743980407715    -2.3322248458862305
53.65380096435547    301.422607421875    14.586971282958984    -13.772148132324219    -0.9104142189025879
72.11540222167969    301.4247741699219    14.584394454956055    -13.873123168945312    0.4744444489479065
92.88459777832031    301.42669677734375    14.582196235656738    -13.92115592956543    1.6956942081451416
115.96150207519531    301.4284973144531    14.580406188964844    -13.984672546386719    2.665130138397217
141.34620666503906    301.42962646484375    14.579562187194824    -14.108915328979492    3.4228038787841797
169.0384979248047    301.4313659667969    14.5781888961792    -14.190267562866211    4.039343357086182
199.0384979248047    301.4388122558594    14.569669723510742    -13.929718971252441    4.7266716957092285
231.34620666503906    301.4544372558594    14.55074405670166    -13.50362777709961    5.698697090148926
265.96160888671875    301.4670715332031    14.536124229431152    -13.178109169006348    6.397154808044434
302.8846130371094    301.4698486328125    14.534692764282227    -13.105964660644531    6.505354404449463
342.1153869628906    301.4710998535156    14.534834861755371    -13.00607967376709    6.489813804626465
383.6539001464844    301.4759216308594    14.530877113342285    -12.612743377685547    6.541408538818359
427.5    301.4815979003906    14.525297164916992    -12.210758209228516    6.817061901092529
473.65380859375    301.48590087890625    14.521819114685059    -11.842355728149414    6.952419281005859
522.1154174804688    301.48907470703125    14.519994735717773    -11.46915340423584    6.976230621337891
572.8847045898438    301.4918212890625    14.518760681152344    -11.315408706665039    6.992367267608643
625.9616088867188    301.49481201171875    14.51711368560791    -11.241250038146973    7.0198893547058105
681.34619140625    301.4989318847656    14.51445198059082    -11.239107131958008    7.063624858856201
739.0383911132812    301.50494384765625    14.510204315185547    -11.10163402557373    7.163141250610352
799.0383911132812    301.50482177734375    14.512558937072754    -10.873284339904785    7.402508735656738
861.34619140625    301.5051574707031    14.514690399169922    -10.393446922302246    7.9463887214660645
925.9616088867188    301.5187683105469    14.499567031860352    -9.596872329711914    8.953878402709961
992.8847045898438    301.5994567871094    14.396434783935547    -8.127163887023926    9.68510627746582
1062.1156005859375    301.88909912109375    14.010783195495605    -6.190129280090332    9.818791389465332
1133.6539306640625    302.1660461425781    13.628841400146484    -5.053768157958984    9.844461441040039
1207.5001220703125    302.5235290527344    13.106351852416992    -3.9100794792175293    9.477785110473633
1283.65380859375    302.90643310546875    12.50549602508545    -2.955423593521118    8.550419807434082
1362.115478515625    303.3838195800781    11.68397045135498    -2.2234654426574707    7.954040050506592
1442.884765625    303.8016662597656    10.917582511901855    -1.7343294620513916    7.787515163421631
1525.9617919921875    304.0983581542969    10.370817184448242    -1.4050190448760986    7.68033504486084
1611.34619140625    304.33489990234375    9.97070026397705    -1.0965780019760132    7.577702522277832
1699.03857421875    304.552001953125    9.625569343566895    -0.834701657295227    7.454075813293457
1789.03857421875    304.7679138183594    9.288824081420898    -0.6036722660064697    7.529519081115723
1881.34619140625    305.0228271484375    8.901963233947754    -0.30579492449760437    7.686618804931641
1975.9615478515625    305.31781005859375    8.471071243286133    0.07212663441896439    7.798630237579346
2072.884521484375    305.6117248535156    8.058449745178223    0.44379591941833496    7.794548511505127
2172.115234375    305.9034729003906    7.6703715324401855    0.798101544380188    7.7889180183410645
2273.654052734375    306.21710205078125    7.267297267913818    1.1706767082214355    7.796819686889648
2377.5    306.56085205078125    6.842401504516602    1.5657939910888672    7.779478073120117
2483.654052734375    306.8980407714844    6.445860385894775    1.9643585681915283    7.7251386642456055
2592.11572265625    307.20550537109375    6.1080827713012695    2.3266024589538574    7.716774940490723
2702.885009765625    307.5204772949219    5.791131973266602    2.6661741733551025    7.696025848388672
2815.961669921875    307.8557434082031    5.470110893249512    3.0219674110412598    7.633652210235596
2931.346435546875    308.1759948730469    5.164496898651123    3.389091968536377    7.550479888916016
3049.03857421875    308.4855041503906    4.888243675231934    3.740072011947632    7.463340759277344
3169.038818359375    308.8120422363281    4.625245571136475    4.089221954345703    7.399191856384277
3291.34619140625    309.1492004394531    4.364890098571777    4.441866874694824    7.3838067054748535
3415.961669921875    309.4906311035156    4.096014976501465    4.809530258178711    7.414825439453125
3542.884765625    309.83221435546875    3.8331542015075684    5.192042350769043    7.487002372741699
3672.115234375    310.18865966796875    3.5884857177734375    5.577874183654785    7.538673400878906
3803.654052734375    310.57452392578125    3.3585867881774902    5.971493721008301    7.523037433624268
3937.50048828125    310.96875    3.1343705654144287    6.378601551055908    7.451097011566162
4073.654296875    311.3353271484375    2.919456720352173    6.777895927429199    7.355616569519043
4212.115234375    311.6650390625    2.7261579036712646    7.140435218811035    7.271034240722656
4352.884765625    311.9877624511719    2.5504798889160156    7.4751691818237305    7.27137565612793
4495.96142578125    312.358642578125    2.378749132156372    7.832832336425781    7.340961456298828
4641.3466796875    312.7864990234375    2.2117831707000732    8.226339340209961    7.423986434936523
4789.03857421875    313.2281799316406    2.0470752716064453    8.640342712402344    7.476569652557373
4939.03857421875    313.65240478515625    1.8819260597229004    9.058931350708008    7.488971710205078
5091.34619140625    314.0551452636719    1.7248303890228271    9.46917724609375    7.453382968902588
5245.96142578125    314.4346923828125    1.5861488580703735    9.847537994384766    7.433966636657715
5402.884765625    314.8172607421875    1.4557056427001953    10.218870162963867    7.49082088470459
5562.11572265625    315.23907470703125    1.3259881734848022    10.609137535095215    7.570560455322266
5723.65478515625    315.7298583984375    1.2021617889404297    11.018392562866211    7.580204486846924
5887.50048828125    316.2726135253906    1.0939878225326538    11.426849365234375    7.531294822692871
6053.654296875    316.791748046875    0.9965139627456665    11.80228042602539    7.493832111358643
6222.11572265625    317.2496643066406    0.9027900099754333    12.160097122192383    7.473270893096924
6392.88525390625    317.6962585449219    0.8138923645019531    12.515558242797852    7.435775279998779
6565.96142578125    318.1505126953125    0.7318108677864075    12.860858917236328    7.43443489074707
6741.345703125    318.6171569824219    0.6542712450027466    13.213602066040039    7.510895729064941
6919.03857421875    319.0912170410156    0.5814270973205566    13.580751419067383    7.5504913330078125
7099.0390625    319.5787353515625    0.5168684124946594    13.931793212890625    7.535902976989746
7281.345703125    320.0856018066406    0.45741555094718933    14.273845672607422    7.513184547424316
7465.96142578125    320.5755920410156    0.4038669168949127    14.609941482543945    7.474846363067627
7652.884765625    321.04754638671875    0.3565715551376343    14.922290802001953    7.440796375274658
7842.115234375    321.57220458984375    0.31373482942581177    15.222963333129883    7.428630828857422
8033.654296875    322.176513671875    0.275299608707428    15.526163101196289    7.428346633911133
8227.5    322.7725830078125    0.24140594899654388    15.822952270507812    7.423697471618652
8423.6533203125    323.31304931640625    0.21071456372737885    16.108213424682617    7.431005477905273
8622.1162109375    323.840087890625    0.1825820654630661    16.388206481933594    7.450789451599121
8822.8857421875    324.3786315917969    0.15721353888511658    16.66634750366211    7.464362144470215
9025.9619140625    324.9156188964844    0.13462887704372406    16.93313217163086    7.487196922302246
9231.345703125    325.4451904296875    0.11470212787389755    17.19892120361328    7.49053955078125
9439.0390625    325.9970703125    0.09735534340143204    17.457904815673828    7.452505588531494
9649.0390625    326.5784606933594    0.0822184830904007    17.701030731201172    7.446883201599121
9861.34765625    327.1838684082031    0.06871224194765091    17.942228317260742    7.467206954956055
10075.9609375    327.7640380859375    0.057162243872880936    18.182865142822266    7.432516098022461
10292.884765625    328.2943115234375    0.04783603921532631    18.404891967773438    7.374438285827637
10512.115234375    328.8301696777344    0.040123019367456436    18.602245330810547    7.412195205688477
10733.6552734375    329.4168701171875    0.033202432096004486    18.797636032104492    7.497068881988525
10957.5    330.02923583984375    0.027042308822274208    19.000415802001953    7.515105247497559
11183.654296875    330.6283874511719    0.021852241829037666    19.196414947509766    7.536809921264648
11412.1162109375    331.2469787597656    0.01738152466714382    19.387645721435547    7.563271522521973
11642.884765625    331.9335632324219    0.013690250925719738    19.56314468383789    7.502182960510254
11875.9609375    332.9142761230469    0.01119836326688528    19.719234466552734    7.500874042510986
12111.34765625    335.01678466796875    0.01040904875844717    19.898174285888672    7.633989334106445
12349.0400390625    338.7926940917969    0.01061378326267004    20.085664749145508    7.570446014404297
12589.0400390625    342.8692932128906    0.011143608018755913    20.236345291137695    7.3399810791015625
12831.3466796875    346.69818115234375    0.0117412731051445    20.36403465270996    7.35809326171875
13075.9609375    350.68212890625    0.012345890514552593    20.506332397460938    7.52238130569458
13322.8857421875    354.967529296875    0.01298251561820507    20.669525146484375    7.54000186920166
13572.1171875    359.3227233886719    0.013669397681951523    20.81122398376465    7.425037860870361
13823.65625    363.6227722167969    0.0143806217238307    20.920360565185547    7.348977088928223
14077.5009765625    367.8953857421875    0.015149806626141071    21.030704498291016    7.404151916503906
14333.65625    372.364013671875    0.015986580401659012    21.15606117248535    7.603102207183838
14592.1171875    377.13995361328125    0.01689046248793602    21.299057006835938    7.680495262145996
14852.884765625    382.1591491699219    0.017864258959889412    21.421611785888672    7.635560035705566
15115.9619140625    387.0435485839844    0.01892680488526821    21.50501251220703    7.701916694641113
15381.34765625    391.86029052734375    0.020069323480129242    21.58017349243164    7.759871482849121
15649.0400390625    396.9075622558594    0.021228007972240448    21.64885139465332    7.586150169372559
15919.0400390625    402.1077880859375    0.02247714251279831    21.691925048828125    7.42426872253418
16191.34765625    407.431884765625    0.023819930851459503    21.731321334838867    7.420721530914307
16465.9609375    412.7863464355469    0.025211414322257042    21.780345916748047    7.46716833114624
16742.884765625    418.3010559082031    0.026764195412397385    21.839012145996094    7.4633307456970215
17022.1171875    423.91070556640625    0.02847154811024666    21.901988983154297    7.460048675537109
17303.65625    429.6387023925781    0.03027086704969406    21.966411590576172    7.486861228942871
17587.501953125    435.53814697265625    0.03222757205367088    22.028358459472656    7.501317977905273
17872.501953125    441.5559387207031    0.0342373251914978    22.08405303955078    7.509918212890625
18500    454.80559685543966    0.03866229420443568    22.2066784438334    7.5288537590519375
