1000.0466156005859    301.41734313964844    14.589213490486145
7.5    301.41796875    14.588345527648926    -13.545340538024902    -6.001382827758789
22.5    301.41949462890625    14.586405754089355    -13.90284538269043    -4.152863502502441
37.5    301.42138671875    14.58419418334961    -14.117376327514648    -2.706796646118164
53.65380096435547    301.4237976074219    14.581037521362305    -14.213133811950684    -1.3442438840866089
72.11540222167969    301.42681884765625    14.577154159545898    -14.171804428100586    0.04433474689722061
92.88459777832031    301.42999267578125    14.573094367980957    -13.918844223022461    1.2177011966705322
115.96150207519531    301.4326477050781    14.569876670837402    -13.351083755493164    1.9173202514648438
141.34620666503906    301.434326171875    14.567975997924805    -12.557221412658691    2.6545050144195557
169.0384979248047    301.435791015625    14.566112518310547    -11.998804092407227    3.3565211296081543
199.0384979248047    301.4373779296875    14.564077377319336    -11.979408264160156    3.960453987121582
231.34620666503906    301.436767578125    14.563824653625488    -12.318259239196777    4.378129005432129
265.96160888671875    301.4348449707031    14.56688404083252    -12.886297225952148    4.726035118103027
302.8846130371094    301.43695068359375    14.565767288208008    -12.979605674743652    5.180153846740723
342.1153869628906    301.4443664550781    14.558002471923828    -12.841863632202148    5.605263710021973
383.6539001464844    301.4532470703125    14.548233032226562    -12.639520645141602    5.908785820007324
427.5    301.4609375    14.540555953979492    -12.451658248901367    6.177500247955322
473.65380859375    301.4638977050781    14.53930377960205    -12.170587539672852    6.508711814880371
522.1154174804688    301.4715270996094    14.531439781188965    -11.778891563415527    6.959739685058594
572.8847045898438    301.4941101074219    14.504937171936035    -11.113847732543945    7.711433410644531
625.9616088867188    301.5282287597656    14.464409828186035    -10.712011337280273    8.881357192993164
681.34619140625    301.58367919921875    14.398306846618652    -10.469870567321777    10.37879753112793
739.0383911132812    301.6921081542969    14.267905235290527    -10.058196067810059    11.045578002929688
799.0383911132812    301.6900329589844    14.272879600524902    -9.197845458984375    10.1035737991333
861.34619140625    301.66839599609375    14.3012056350708    -7.859318256378174    9.079132080078125
925.9616088867188    301.774169921875    14.16866397857666    -6.554593086242676    8.88850212097168
992.8847045898438    301.9615173339844    13.935766220092773    -5.742923736572266    9.209803581237793
1062.1156005859375    302.3075866699219    13.4552001953125    -4.682527542114258    8.773881912231445
1133.6539306640625    302.80023193359375    12.685209274291992    -3.7422876358032227    8.095853805541992
1207.5001220703125    303.3635559082031    11.711599349975586    -3.132451057434082    7.455604553222656
1283.65380859375    303.7234802246094    11.047003746032715    -2.8783750534057617    7.022463798522949
1362.115478515625    303.8861389160156    10.744718551635742    -2.641859531402588    6.933621406555176
1442.884765625    304.0367126464844    10.472909927368164    -2.37461519241333    6.95581579208374
1525.9617919921875    304.1974182128906    10.196467399597168    -2.070668935775757    7.038114547729492
1611.34619140625    304.3998718261719    9.86606502532959    -1.7207269668579102    7.182228088378906
1699.03857421875    304.62017822265625    9.515501022338867    -1.378479242324829    7.335824966430664
1789.03857421875    304.85723876953125    9.148591995239258    -1.0701193809509277    7.444197654724121
1881.34619140625    305.16094970703125    8.696948051452637    -0.6867356300354004    7.5199174880981445
1975.9615478515625    305.474853515625    8.247933387756348    -0.24089360237121582    7.521655082702637
2072.884521484375    305.7497863769531    7.870251178741455    0.14582137763500214    7.420489311218262
2172.115234375    306.01519775390625    7.523815631866455    0.483172208070755    7.360591411590576
2273.654052734375    306.29296875    7.170793056488037    0.8371390104293823    7.386814594268799
2377.5    306.5740051269531    6.826712131500244    1.2183032035827637    7.4058332443237305
2483.654052734375    306.84844970703125    6.503293037414551    1.5815751552581787    7.375531196594238
2592.11572265625    307.1292419433594    6.188693523406982    1.9327151775360107    7.363542556762695
2702.885009765625    307.4134826660156    5.8947978019714355    2.2883968353271484    7.3929643630981445
2815.961669921875    307.6994934082031    5.619140148162842    2.651756525039673    7.399694919586182
2931.346435546875    307.98529052734375    5.345198631286621    3.018672227859497    7.383617877960205
3049.03857421875    308.3010559082031    5.050806522369385    3.398310661315918    7.409479141235352
3169.038818359375    308.6584777832031    4.749214172363281    3.814725399017334    7.4437255859375
3291.34619140625    309.01275634765625    4.470986843109131    4.234417915344238    7.445069313049316
3415.961669921875    309.3497619628906    4.207566738128662    4.629630088806152    7.426607608795166
3542.884765625    309.6862487792969    3.9434115886688232    5.018392086029053    7.391228675842285
3672.115234375    310.030517578125    3.6926913261413574    5.414619445800781    7.3292131423950195
3803.654052734375    310.37799072265625    3.472423553466797    5.795781135559082    7.272514343261719
3937.50048828125    310.7331848144531    3.2684428691864014    6.170653820037842    7.304327964782715
4073.654296875    311.09307861328125    3.0620572566986084    6.5636749267578125    7.383265495300293
4212.115234375    311.4543762207031    2.8495242595672607    6.977705478668213    7.459490776062012
4352.884765625    311.8216857910156    2.639415979385376    7.393657207489014    7.5018815994262695
4495.96142578125    312.2281799316406    2.4378561973571777    7.805707931518555    7.493527412414551
4641.3466796875    312.6930847167969    2.247795581817627    8.237382888793945    7.496763229370117
4789.03857421875    313.1670227050781    2.069389581680298    8.683870315551758    7.516589641571045
4939.03857421875    313.5939025878906    1.9046506881713867    9.102825164794922    7.506908416748047
5091.34619140625    313.9760437011719    1.755102515220642    9.481405258178711    7.517566204071045
5245.96142578125    314.3641662597656    1.610987663269043    9.861083984375    7.577688694000244
5402.884765625    314.7791748046875    1.4681336879730225    10.273317337036133    7.625785827636719
5562.11572265625    315.2122497558594    1.3340847492218018    10.6854248046875    7.662043571472168
5723.65478515625    315.6832580566406    1.2126489877700806    11.08516788482666    7.706914901733398
5887.50048828125    316.2166442871094    1.1045446395874023    11.485652923583984    7.695985794067383
6053.654296875    316.74835205078125    1.0046873092651367    11.8702392578125    7.627101421356201
6222.11572265625    317.21441650390625    0.9097506403923035    12.23178768157959    7.566279411315918
6392.88525390625    317.67083740234375    0.81854248046875    12.596540451049805    7.57996940612793
6565.96142578125    318.1451110839844    0.7325933575630188    12.97019100189209    7.559724807739258
6741.345703125    318.61383056640625    0.6547258496284485    13.32882022857666    7.526664733886719
6919.03857421875    319.0714111328125    0.5843619704246521    13.67968463897705    7.500299453735352
7099.0390625    319.5337829589844    0.5226637721061707    14.016389846801758    7.428830146789551
7281.345703125    319.98486328125    0.4688622057437897    14.324947357177734    7.346772193908691
7465.96142578125    320.4301452636719    0.4194732904434204    14.614582061767578    7.367282867431641
7652.884765625    320.9059143066406    0.37012842297554016    14.923585891723633    7.455258369445801
7842.115234375    321.4366760253906    0.323864221572876    15.2551908493042    7.528264045715332
8033.654296875    322.0469665527344    0.2830205261707306    15.586273193359375    7.573343276977539
8227.5    322.6808166503906    0.24657085537910461    15.913139343261719    7.578813552856445
8423.6533203125    323.25054931640625    0.2142096310853958    16.22373390197754    7.50424861907959
8622.1162109375    323.7811279296875    0.1855950504541397    16.50533103942871    7.455147743225098
8822.8857421875    324.31610107421875    0.15999740362167358    16.77386474609375    7.4718017578125
9025.9619140625    324.8576965332031    0.13696275651454926    17.041765213012695    7.473409652709961
9231.345703125    325.38702392578125    0.11672064661979675    17.306488037109375    7.462006092071533
9439.0390625    325.9379577636719    0.09906071424484253    17.56216049194336    7.487982273101807
9649.0390625    326.52215576171875    0.08358386904001236    17.80791664123535    7.514437675476074
9861.34765625    327.12579345703125    0.06993848830461502    18.05295181274414    7.517461776733398
10075.9609375    327.7152099609375    0.05810108035802841    18.293960571289062    7.489469528198242
10292.884765625    328.2702331542969    0.04822397977113724    18.519134521484375    7.4619035720825195
10512.115234375    328.852294921875    0.039853427559137344    18.73299789428711    7.477146625518799
10733.6552734375    329.4558410644531    0.03278930485248566    18.935138702392578    7.498330116271973
10957.5    330.0506591796875    0.02683834917843342    19.122913360595703    7.506426811218262
11183.654296875    330.642578125    0.02173827402293682    19.31342315673828    7.483487606048584
11412.1162109375    331.2492370605469    0.01737620308995247    19.502914428710938    7.419490814208984
11642.884765625    331.9412536621094    0.013666423968970776    19.678050994873047    7.336610794067383
11875.9609375    332.9473876953125    0.011131832376122475    19.839832305908203    7.293002128601074
12111.34765625    334.8873291015625    0.010402404703199863    20.00636863708496    7.398638725280762
12349.0400390625    338.4229431152344    0.010579041205346584    20.20588493347168    7.506899833679199
12589.0400390625    342.663330078125    0.011113935150206089    20.40317726135254    7.466065406799316
12831.3466796875    346.666748046875    0.011735819280147552    20.566537857055664    7.447673320770264
13075.9609375    350.7486572265625    0.012355329468846321    20.70773696899414    7.66874885559082
13322.8857421875    355.141357421875    0.013009452261030674    20.858211517333984    7.722485065460205
13572.1171875    359.4241943359375    0.013685265555977821    20.991609573364258    7.470006942749023
13823.65625    363.62396240234375    0.014381655491888523    21.09827995300293    7.511713027954102
14077.5009765625    368.0500793457031    0.01517833024263382    21.21506690979004    7.728643894195557
14333.65625    372.62945556640625    0.016036247834563255    21.3264217376709    7.7673444747924805
14592.1171875    377.3899841308594    0.016937363892793655    21.421123504638672    7.651854515075684
14852.884765625    382.3385925292969    0.017901282757520676    21.503204345703125    7.472178936004639
15115.9619140625    387.147216796875    0.018952496349811554    21.555912017822266    7.438075542449951
15381.34765625    392.0216369628906    0.020104117691516876    21.591712951660156    7.5165581703186035
15649.0400390625    397.1474304199219    0.02127927355468273    21.607234954833984    7.601724624633789
15919.0400390625    402.3489074707031    0.022527122870087624    21.60184097290039    7.617661952972412
16191.34765625    407.6434020996094    0.023864557966589928    21.59393882751465    7.544682502746582
16465.9609375    413.0109558105469    0.025270089507102966    21.59938621520996    7.459733963012695
16742.884765625    418.4460754394531    0.0268113873898983    21.62647247314453    7.4242377281188965
17022.1171875    424.0421142578125    0.02851923182606697    21.67674446105957    7.407939910888672
17303.65625    429.7521667480469    0.03031875006854534    21.740446090698242    7.393502712249756
17587.501953125    435.5946960449219    0.032257843762636185    21.80557632446289    7.410958290100098
17872.501953125    441.573974609375    0.034251194447278976    21.863473892211914    7.422939300537109
18500    454.73883643715004    0.03864004939938528    21.990949719163932    7.449318460708386
