1000.021240234375    301.41532135009766    14.594250321388245
7.5    301.41546630859375    14.594049453735352    -13.069114685058594    -5.949213027954102
22.5    301.4158020019531    14.593558311462402    -13.087150573730469    -4.0158209800720215
37.5    301.41619873046875    14.592947959899902    -12.986957550048828    -2.7421023845672607
53.65380096435547    301.4167785644531    14.592151641845703    -12.843010902404785    -1.7035601139068604
72.11540222167969    301.4176940917969    14.590997695922852    -12.709348678588867    -0.7370204329490662
92.88459777832031    301.4188232421875    14.589635848999023    -12.674576759338379    0.1101619228720665
115.96150207519531    301.4201965332031    14.588245391845703    -12.809286117553711    0.7704839706420898
141.34620666503906    301.4216613769531    14.587072372436523    -13.019546508789062    1.2448656558990479
169.0384979248047    301.4232177734375    14.585956573486328    -13.237661361694336    1.6805604696273804
199.0384979248047    301.4249267578125    14.58405876159668    -13.495458602905273    2.194390296936035
231.34620666503906    301.4271240234375    14.582162857055664    -13.829841613769531    2.681518316268921
265.96160888671875    301.4297180175781    14.580147743225098    -14.118009567260742    3.246614933013916
302.8846130371094    301.43304443359375    14.576860427856445    -14.334163665771484    4.0622382164001465
342.1153869628906    301.4377746582031    14.571481704711914    -14.423974990844727    4.854378700256348
383.6539001464844    301.4450988769531    14.562520980834961    -14.308284759521484    5.439141273498535
427.5    301.4515686035156    14.554890632629395    -13.978494644165039    5.904999256134033
473.65380859375    301.4546813964844    14.552318572998047    -13.586864471435547    6.343251705169678
522.1154174804688    301.45343017578125    14.55569839477539    -13.167518615722656    6.787282943725586
572.8847045898438    301.4530029296875    14.55893611907959    -12.6690034866333    7.112481594085693
625.9616088867188    301.4538879394531    14.560484886169434    -11.719118118286133    7.314977645874023
681.34619140625    301.4573059082031    14.55885124206543    -10.750914573669434    7.172870635986328
739.0383911132812    301.4679870605469    14.548017501831055    -10.26368522644043    6.005711555480957
799.0383911132812    301.4997253417969    14.51010799407959    -10.043964385986328    5.044859409332275
861.34619140625    301.52032470703125    14.485889434814453    -10.094915390014648    5.670415878295898
925.9616088867188    301.53802490234375    14.464847564697266    -9.77978515625    8.048721313476562
992.8847045898438    301.6500549316406    14.319567680358887    -8.887903213500977    9.255084037780762
1062.1156005859375    301.8984375    13.996504783630371    -6.927752494812012    9.801295280456543
1133.6539306640625    302.029052734375    13.817760467529297    -5.581888675689697    9.331978797912598
1207.5001220703125    302.26031494140625    13.491748809814453    -4.794425964355469    8.718647003173828
1283.65380859375    302.51129150390625    13.118769645690918    -4.028200149536133    8.52999496459961
1362.115478515625    303.0687255859375    12.214383125305176    -2.8088536262512207    8.2587308883667
1442.884765625    303.6809387207031    11.134147644042969    -1.7761621475219727    7.934227466583252
1525.9617919921875    304.0650634765625    10.43537712097168    -1.2211095094680786    7.767510414123535
1611.34619140625    304.3173522949219    10.000497817993164    -0.8555251955986023    7.638827800750732
1699.03857421875    304.56842041015625    9.598177909851074    -0.5582729578018188    7.58024787902832
1789.03857421875    304.86810302734375    9.134928703308105    -0.24111706018447876    7.530900001525879
1881.34619140625    305.1479797363281    8.715404510498047    0.07159529626369476    7.467726707458496
1975.9615478515625    305.399169921875    8.353569030761719    0.3652244806289673    7.494471549987793
2072.884521484375    305.6742858886719    7.972665309906006    0.6745787858963013    7.5682220458984375
2172.115234375    305.9783020019531    7.5726518630981445    1.0129430294036865    7.59445858001709
2273.654052734375    306.2542419433594    7.220103740692139    1.3390154838562012    7.572441101074219
2377.5    306.5021057128906    6.913717746734619    1.6285624504089355    7.493250846862793
2483.654052734375    306.7470397949219    6.621516704559326    1.9009339809417725    7.429403781890869
2592.11572265625    307.0117492675781    6.318034648895264    2.2027602195739746    7.474199295043945
2702.885009765625    307.3082580566406    6.002664566040039    2.5411534309387207    7.547181129455566
2815.961669921875    307.6460266113281    5.671971797943115    2.9120397567749023    7.581804275512695
2931.346435546875    307.9892883300781    5.3412065505981445    3.2991561889648438    7.601572036743164
3049.03857421875    308.3301086425781    5.024292945861816    3.6976122856140137    7.606479167938232
3169.038818359375    308.6656188964844    4.741755485534668    4.081844806671143    7.58444356918335
3291.34619140625    309.00152587890625    4.479563236236572    4.435773849487305    7.546282768249512
3415.961669921875    309.3435974121094    4.212331295013428    4.787543296813965    7.533446788787842
3542.884765625    309.6939392089844    3.938241481781006    5.173768043518066    7.479192733764648
3672.115234375    310.04632568359375    3.6825785636901855    5.568248748779297    7.396398544311523
3803.654052734375    310.41827392578125    3.4495153427124023    5.9490485191345215    7.405165672302246
3937.50048828125    310.8129577636719    3.224224805831909    6.342525482177734    7.4539947509765625
4073.654296875    311.1949768066406    3.0024447441101074    6.735699653625488    7.4776105880737305
4212.115234375    311.5644836425781    2.7841200828552246    7.134424209594727    7.499094009399414
4352.884765625    311.9441833496094    2.574254274368286    7.536801338195801    7.517091751098633
4495.96142578125    312.3544921875    2.3819580078125    7.933277130126953    7.531545162200928
4641.3466796875    312.7893981933594    2.209759473800659    8.318023681640625    7.568066596984863
4789.03857421875    313.2298278808594    2.0452001094818115    8.708701133728027    7.5651350021362305
4939.03857421875    313.65399169921875    1.8817057609558105    9.103271484375    7.485485553741455
5091.34619140625    314.0536804199219    1.726251244544983    9.488889694213867    7.433226585388184
5245.96142578125    314.4411926269531    1.5836331844329834    9.867240905761719    7.444980621337891
5402.884765625    314.82647705078125    1.4520879983901978    10.241460800170898    7.480645656585693
5562.11572265625    315.23272705078125    1.327748417854309    10.611893653869629    7.515580654144287
5723.65478515625    315.69525146484375    1.210256814956665    10.998306274414062    7.517824172973633
5887.50048828125    316.2176513671875    1.1044331789016724    11.393396377563477    7.472382068634033
6053.654296875    316.737060546875    1.006871223449707    11.761907577514648    7.464110851287842
6222.11572265625    317.2140808105469    0.9099275469779968    12.125507354736328    7.485086917877197
6392.88525390625    317.6833801269531    0.8160467743873596    12.505819320678711    7.470746040344238
6565.96142578125    318.1501159667969    0.7316666841506958    12.87446403503418    7.4167985916137695
6741.345703125    318.60467529296875    0.6563015580177307    13.218233108520508    7.39714241027832
6919.03857421875    319.0597839355469    0.586250364780426    13.564949989318848    7.425335884094238
7099.0390625    319.54241943359375    0.5216488838195801    13.914000511169434    7.46623420715332
7281.345703125    320.03729248046875    0.4629381000995636    14.25316047668457    7.483905792236328
7465.96142578125    320.51123046875    0.41078853607177734    14.577747344970703    7.466522216796875
7652.884765625    320.97906494140625    0.36305147409439087    14.898797988891602    7.459885597229004
7842.115234375    321.49658203125    0.3191561996936798    15.214601516723633    7.475366592407227
8033.654296875    322.0973815917969    0.27995213866233826    15.520402908325195    7.512745380401611
8227.5    322.7154235839844    0.2447277307510376    15.824161529541016    7.483395576477051
8423.6533203125    323.27130126953125    0.2131495326757431    16.117874145507812    7.404608726501465
8622.1162109375    323.8000183105469    0.18465889990329742    16.39911651611328    7.396734237670898
8822.8857421875    324.34417724609375    0.1587660014629364    16.67767333984375    7.440627098083496
9025.9619140625    324.87738037109375    0.1361733376979828    16.944679260253906    7.456081390380859
9231.345703125    325.39141845703125    0.1165996789932251    17.201087951660156    7.483101844787598
9439.0390625    325.9364318847656    0.0991370677947998    17.45537567138672    7.546361923217773
9649.0390625    326.5256042480469    0.0835152417421341    17.713623046875    7.576150417327881
9861.34765625    327.1247863769531    0.06994927674531937    17.96874237060547    7.540327072143555
10075.9609375    327.7024230957031    0.05832803621888161    18.214069366455078    7.48774528503418
10292.884765625    328.25531005859375    0.04846793785691261    18.443683624267578    7.446712970733643
10512.115234375    328.8393859863281    0.040016207844018936    18.663450241088867    7.42588996887207
10733.6552734375    329.4466247558594    0.03288305550813675    18.870349884033203    7.41208553314209
10957.5    330.045166015625    0.026885025203227997    19.065006256103516    7.4522600173950195
11183.654296875    330.6501159667969    0.0216885544359684    19.259855270385742    7.484890937805176
11412.1162109375    331.2600402832031    0.01731412671506405    19.453153610229492    7.401640892028809
11642.884765625    331.9053649902344    0.013830704614520073    19.61775016784668    7.321422576904297
11875.9609375    332.8682556152344    0.011245368048548698    19.775005340576172    7.428319931030273
12111.34765625    334.86187744140625    0.010373804718255997    19.955211639404297    7.607355117797852
12349.0400390625    338.5084533691406    0.010577712208032608    20.15057373046875    7.722779273986816
12589.0400390625    342.8110046386719    0.011137699708342552    20.333547592163086    7.682844161987305
12831.3466796875    346.9449462890625    0.011780676431953907    20.47174644470215    7.511648178100586
13075.9609375    350.95709228515625    0.012386026792228222    20.577356338500977    7.469845771789551
13322.8857421875    355.1661682128906    0.013012156821787357    20.685117721557617    7.526314735412598
13572.1171875    359.47869873046875    0.013694297522306442    20.786243438720703    7.518918991088867
13823.65625    363.762451171875    0.014405676163733006    20.8873291015625    7.402451515197754
14077.5009765625    368.0126037597656    0.015171178616583347    20.993885040283203    7.33021354675293
14333.65625    372.45709228515625    0.01600406877696514    21.098594665527344    7.445565700531006
14592.1171875    377.1622314453125    0.016894081607460976    21.214191436767578    7.511560440063477
14852.884765625    382.03070068359375    0.01783786155283451    21.326221466064453    7.587100028991699
15115.9619140625    386.9330749511719    0.018902191892266273    21.432289123535156    7.6583027839660645
15381.34765625    391.79559326171875    0.020056920126080513    21.53305435180664    7.562358856201172
15649.0400390625    396.86962890625    0.021215597167611122    21.60192108154297    7.5279388427734375
15919.0400390625    402.0736389160156    0.022466106340289116    21.654056549072266    7.441527366638184
16191.34765625    407.2449951171875    0.02377517893910408    21.709856033325195    7.389645099639893
16465.9609375    412.65472412109375    0.025173896923661232    21.779470443725586    7.492647171020508
16742.884765625    418.1947326660156    0.026733892038464546    21.86109161376953    7.556382656097412
17022.1171875    423.8097839355469    0.028437811881303787    21.94151496887207    7.589473724365234
17303.65625    429.6158447265625    0.03025161847472191    22.016563415527344    7.582767486572266
17587.501953125    435.5360412597656    0.032222017645835876    22.08258819580078    7.555292129516602
17872.501953125    441.5525817871094    0.03423934429883957    22.140087127685547    7.541618824005127
18500    454.7994850497497    0.03868098828013325    22.26668525910691    7.511513657328722
