1000.0278778076172    301.4191703796387    14.589010834693909
7.5    301.41986083984375    14.587964057922363    -13.67136001586914    -5.1786346435546875
22.5    301.4215393066406    14.585391998291016    -13.937040328979492    -2.642887592315674
37.5    301.4236145019531    14.582181930541992    -14.004133224487305    -0.6257433295249939
53.65380096435547    301.42645263671875    14.57785415649414    -13.978240966796875    1.2692735195159912
72.11540222167969    301.4306640625    14.57162094116211    -13.944098472595215    2.9432778358459473
92.88459777832031    301.4375    14.56213092803955    -13.983024597167969    4.004016876220703
115.96150207519531    301.44573974609375    14.551506996154785    -13.971731185913086    4.536950588226318
141.34620666503906    301.4511413574219    14.545123100280762    -13.732858657836914    5.108948230743408
169.0384979248047    301.4543151855469    14.542459487915039    -13.432029724121094    5.701099395751953
199.0384979248047    301.4566345214844    14.541057586669922    -13.241089820861816    6.040482521057129
231.34620666503906    301.4580078125    14.541038513183594    -12.970623016357422    6.072754859924316
265.96160888671875    301.4581604003906    14.54258918762207    -12.809484481811523    6.040727138519287
302.8846130371094    301.4572448730469    14.545350074768066    -12.543207168579102    6.181069374084473
342.1153869628906    301.4549255371094    14.550116539001465    -12.073558807373047    6.517590522766113
383.6539001464844    301.4512634277344    14.556642532348633    -11.467817306518555    6.959908962249756
427.5    301.4474792480469    14.564043045043945    -10.924339294433594    7.715475082397461
473.65380859375    301.4477233886719    14.565966606140137    -10.408836364746094    8.15903377532959
522.1154174804688    301.4524841308594    14.562028884887695    -9.85765552520752    7.982872009277344
572.8847045898438    301.46514892578125    14.548815727233887    -9.197919845581055    7.54346227645874
625.9616088867188    301.4892883300781    14.520393371582031    -8.644929885864258    7.4708662033081055
681.34619140625    301.5234069824219    14.478187561035156    -8.478752136230469    8.158199310302734
739.0383911132812    301.5533752441406    14.440975189208984    -8.66938591003418    8.969562530517578
799.0383911132812    301.5820617675781    14.405234336853027    -9.062783241271973    9.713933944702148
861.34619140625    301.6098937988281    14.37242317199707    -8.896398544311523    9.935364723205566
925.9616088867188    301.62872314453125    14.350424766540527    -8.534770965576172    9.715672492980957
992.8847045898438    301.6601867675781    14.311539649963379    -8.016469955444336    9.569234848022461
1062.1156005859375    301.74658203125    14.201461791992188    -7.1726250648498535    9.439558029174805
1133.6539306640625    302.0579833984375    13.790284156799316    -5.574311256408691    9.02354621887207
1207.5001220703125    302.41583251953125    13.286599159240723    -4.505352973937988    8.288444519042969
1283.65380859375    302.726318359375    12.803869247436523    -3.8301632404327393    7.9311442375183105
1362.115478515625    303.2377624511719    11.929443359375    -2.9445295333862305    7.882597923278809
1442.884765625    303.7713928222656    10.966989517211914    -2.1559369564056396    7.824023246765137
1525.9617919921875    304.138671875    10.303045272827148    -1.653559923171997    7.682738780975342
1611.34619140625    304.3885192871094    9.8837251663208    -1.3370064496994019    7.487183570861816
1699.03857421875    304.6054382324219    9.54028606414795    -1.083612322807312    7.39469051361084
1789.03857421875    304.8352966308594    9.185429573059082    -0.7818561792373657    7.46025276184082
1881.34619140625    305.07177734375    8.829522132873535    -0.45346418023109436    7.542338848114014
1975.9615478515625    305.33123779296875    8.451027870178223    -0.12461620569229126    7.599662780761719
2072.884521484375    305.65802001953125    7.995518684387207    0.2611948251724243    7.716762542724609
2172.115234375    305.9716796875    7.580836296081543    0.66340172290802    7.827029228210449
2273.654052734375    306.2668151855469    7.204604148864746    1.0358613729476929    7.729737281799316
2377.5    306.5617370605469    6.841507911682129    1.3955309391021729    7.593893051147461
2483.654052734375    306.8287048339844    6.525026798248291    1.7275571823120117    7.522253513336182
2592.11572265625    307.0834655761719    6.238951206207275    2.030381917953491    7.495206832885742
2702.885009765625    307.37481689453125    5.936208724975586    2.3650310039520264    7.500588417053223
2815.961669921875    307.69866943359375    5.6216139793396    2.737926959991455    7.552781105041504
2931.346435546875    308.03167724609375    5.301259517669678    3.1377809047698975    7.632567405700684
3049.03857421875    308.35552978515625    5.0009589195251465    3.5367109775543213    7.655379295349121
3169.038818359375    308.6932373046875    4.719531059265137    3.9258594512939453    7.58231258392334
3291.34619140625    309.03887939453125    4.450843334197998    4.301793098449707    7.550469398498535
3415.961669921875    309.38726806640625    4.1780686378479    4.679293155670166    7.544008255004883
3542.884765625    309.7421875    3.9014148712158203    5.089120388031006    7.489589214324951
3672.115234375    310.1007080078125    3.6460843086242676    5.498476028442383    7.421712398529053
3803.654052734375    310.47119140625    3.4184842109680176    5.881369590759277    7.426388263702393
3937.50048828125    310.8551025390625    3.19992995262146    6.266230583190918    7.442387580871582
4073.654296875    311.23138427734375    2.980635166168213    6.666275978088379    7.451864242553711
4212.115234375    311.59918212890625    2.763939380645752    7.072477340698242    7.469919681549072
4352.884765625    311.9777526855469    2.5569918155670166    7.478496551513672    7.493551254272461
4495.96142578125    312.3777160644531    2.3718514442443848    7.870962142944336    7.524610996246338
4641.3466796875    312.79400634765625    2.2080013751983643    8.246800422668457    7.5688066482543945
4789.03857421875    313.23486328125    2.043431520462036    8.641514778137207    7.557862281799316
4939.03857421875    313.67279052734375    1.8742974996566772    9.054315567016602    7.497476577758789
5091.34619140625    314.07745361328125    1.7170343399047852    9.453157424926758    7.463216781616211
5245.96142578125    314.4620666503906    1.576205849647522    9.833900451660156    7.45698356628418
5402.884765625    314.8445739746094    1.446303367614746    10.205629348754883    7.454412937164307
5562.11572265625    315.24615478515625    1.3240010738372803    10.57416820526123    7.469909191131592
5723.65478515625    315.699462890625    1.2092334032058716    10.956771850585938    7.464266300201416
5887.50048828125    316.2063293457031    1.1065810918807983    11.343429565429688    7.429640769958496
6053.654296875    316.7162780761719    1.0108814239501953    11.709653854370117    7.442958831787109
6222.11572265625    317.1952819824219    0.9138473868370056    12.075895309448242    7.475319862365723
6392.88525390625    317.66705322265625    0.819222629070282    12.463587760925293    7.480331897735596
6565.96142578125    318.1329650878906    0.7346638441085815    12.833833694458008    7.4399213790893555
6741.345703125    318.5890808105469    0.658885657787323    13.181316375732422    7.421340465545654
6919.03857421875    319.04486083984375    0.5883356332778931    13.531257629394531    7.448757171630859
7099.0390625    319.5234069824219    0.5239875316619873    13.879505157470703    7.506824493408203
7281.345703125    320.0236511230469    0.4645027220249176    14.224546432495117    7.531241416931152
7465.96142578125    320.5129699707031    0.41059520840644836    14.562312126159668    7.488438606262207
7652.884765625    320.9860534667969    0.3623703122138977    14.88709831237793    7.458059787750244
7842.115234375    321.4941101074219    0.31932008266448975    15.19598388671875    7.472536087036133
8033.654296875    322.08245849609375    0.280834436416626    15.497598648071289    7.527276039123535
8227.5    322.703125    0.24539253115653992    15.805015563964844    7.5091471672058105
8423.6533203125    323.27105712890625    0.21316193044185638    16.106365203857422    7.4264092445373535
8622.1162109375    323.8041076660156    0.1844709813594818    16.391109466552734    7.419110298156738
8822.8857421875    324.3497009277344    0.1585158109664917    16.670589447021484    7.4681830406188965
9025.9619140625    324.8891906738281    0.135691836476326    16.941574096679688    7.478601455688477
9231.345703125    325.40704345703125    0.11606205999851227    17.20003890991211    7.502654075622559
9439.0390625    325.95013427734375    0.09873564541339874    17.453832626342773    7.565038681030273
9649.0390625    326.5382995605469    0.0832081213593483    17.710887908935547    7.581876754760742
9861.34765625    327.1412048339844    0.06960432231426239    17.967124938964844    7.538362503051758
10075.9609375    327.7198791503906    0.05799737945199013    18.213451385498047    7.496513366699219
10292.884765625    328.27178955078125    0.048202384263277054    18.44232940673828    7.4583587646484375
10512.115234375    328.8553161621094    0.03980984538793564    18.660778045654297    7.42296028137207
10733.6552734375    329.4597473144531    0.03273888677358627    18.866436004638672    7.39300537109375
10957.5    330.0530700683594    0.026810087263584137    19.05977439880371    7.430541515350342
11183.654296875    330.6580810546875    0.021624570712447166    19.25482940673828    7.481258392333984
11412.1162109375    331.2761535644531    0.017211293801665306    19.45100975036621    7.398416519165039
11642.884765625    331.92352294921875    0.013753155246376991    19.61606216430664    7.284497261047363
11875.9609375    332.87786865234375    0.011229585856199265    19.77039337158203    7.380863189697266
12111.34765625    334.85809326171875    0.010373421013355255    19.951961517333984    7.563539981842041
12349.0400390625    338.4641418457031    0.010572918690741062    20.152801513671875    7.684499740600586
12589.0400390625    342.74688720703125    0.011128303594887257    20.34370994567871    7.697240352630615
12831.3466796875    346.9294128417969    0.011778316460549831    20.491655349731445    7.573206901550293
13075.9609375    350.9737854003906    0.012388410978019238    20.60211944580078    7.494434356689453
13322.8857421875    355.1663818359375    0.013012195937335491    20.709415435791016    7.553745746612549
13572.1171875    359.4920959472656    0.013696474023163319    20.810386657714844    7.575364589691162
13823.65625    363.8231201171875    0.014416252262890339    20.907939910888672    7.430148601531982
14077.5009765625    368.0879821777344    0.0151851000264287    21.00578498840332    7.319529056549072
14333.65625    372.5017395019531    0.01601248048245907    21.100732803344727    7.428569316864014
14592.1171875    377.212646484375    0.016903560608625412    21.208354949951172    7.4834513664245605
14852.884765625    382.0664978027344    0.01784501224756241    21.315433502197266    7.532857894897461
15115.9619140625    386.9292907714844    0.018901480361819267    21.41798973083496    7.6335954666137695
15381.34765625    391.81365966796875    0.020060952752828598    21.51811408996582    7.559909820556641
15649.0400390625    396.8724365234375    0.021216288208961487    21.586017608642578    7.5066986083984375
15919.0400390625    402.060302734375    0.022461988031864166    21.638389587402344    7.4405198097229
16191.34765625    407.2753601074219    0.023783423006534576    21.693321228027344    7.374736785888672
16465.9609375    412.6657409667969    0.025179117918014526    21.759849548339844    7.483119964599609
16742.884765625    418.196044921875    0.026736080646514893    21.841259002685547    7.5576066970825195
17022.1171875    423.8148498535156    0.02844260446727276    21.92316436767578    7.581282138824463
17303.65625    429.6125183105469    0.03025331348180771    22.000566482543945    7.584790229797363
17587.501953125    435.5314025878906    0.03222217410802841    22.069557189941406    7.564667224884033
17872.501953125    441.55078125    0.034239545464515686    22.128894805908203    7.553615093231201
18500    454.80393336885857    0.03868128787159405    22.259541255470953    7.5292810896313505
