1000.0304718017578    301.4028549194336    14.606217980384827
7.5    301.4027404785156    14.606343269348145    -12.721148490905762    -6.588848114013672
22.5    301.4024658203125    14.606650352478027    -12.796063423156738    -4.689783096313477
37.5    301.4021301269531    14.607032775878906    -12.862264633178711    -3.2434463500976562
53.65380096435547    301.4017333984375    14.607483863830566    -12.992571830749512    -1.885603666305542
72.11540222167969    301.4013366699219    14.608006477355957    -13.259010314941406    -0.546066164970398
92.88459777832031    301.4009094238281    14.608567237854004    -13.648754119873047    0.8331577777862549
115.96150207519531    301.40045166015625    14.609236717224121    -13.824628829956055    2.4076428413391113
141.34620666503906    301.40008544921875    14.609895706176758    -13.810182571411133    4.155284881591797
169.0384979248047    301.40032958984375    14.610010147094727    -13.767346382141113    5.480332374572754
199.0384979248047    301.402099609375    14.608689308166504    -13.513260841369629    5.612565994262695
231.34620666503906    301.4044189453125    14.607221603393555    -12.97797966003418    5.2332658767700195
265.96160888671875    301.40716552734375    14.60557746887207    -12.439199447631836    4.916055202484131
302.8846130371094    301.4176940917969    14.594388961791992    -11.917951583862305    4.893476486206055
342.1153869628906    301.4515075683594    14.554832458496094    -11.230252265930176    5.278141498565674
383.6539001464844    301.50372314453125    14.493448257446289    -10.89787769317627    6.052375793457031
427.5    301.5374755859375    14.45459270477295    -11.015179634094238    6.932234764099121
473.65380859375    301.5400695800781    14.453163146972656    -11.082842826843262    7.572515487670898
522.1154174804688    301.53619384765625    14.46009635925293    -10.777563095092773    7.951632022857666
572.8847045898438    301.5329284667969    14.46635627746582    -10.476600646972656    8.123920440673828
625.9616088867188    301.53533935546875    14.465651512145996    -10.249181747436523    8.24050521850586
681.34619140625    301.54193115234375    14.459904670715332    -10.017047882080078    8.406220436096191
739.0383911132812    301.5606994628906    14.438719749450684    -9.6808443069458    8.898920059204102
799.0383911132812    301.6423645019531    14.338608741760254    -8.704584121704102    9.733365058898926
861.34619140625    301.76995849609375    14.181745529174805    -7.857952117919922    10.124734878540039
925.9616088867188    301.8105773925781    14.13134765625    -7.5269951820373535    10.226432800292969
992.8847045898438    301.822021484375    14.116168975830078    -7.215786933898926    10.04566764831543
1062.1156005859375    301.96075439453125    13.923612594604492    -5.930168151855469    9.61433219909668
1133.6539306640625    302.40423583984375    13.276968002319336    -4.295365810394287    8.745746612548828
1207.5001220703125    302.8898620605469    12.524542808532715    -3.306964635848999    7.7558417320251465
1283.65380859375    303.21929931640625    11.971031188964844    -2.8436992168426514    7.646458625793457
1362.115478515625    303.6280517578125    11.243099212646484    -2.3170340061187744    7.578433513641357
1442.884765625    303.9632263183594    10.619719505310059    -1.9568928480148315    7.353457927703857
1525.9617919921875    304.1366882324219    10.30082893371582    -1.7407655715942383    7.32259464263916
1611.34619140625    304.32489013671875    9.989215850830078    -1.4700160026550293    7.405247211456299
1699.03857421875    304.5956726074219    9.556802749633789    -1.1079761981964111    7.491992950439453
1789.03857421875    304.8971252441406    9.089105606079102    -0.7085255980491638    7.483549118041992
1881.34619140625    305.2035827636719    8.634498596191406    -0.3165251910686493    7.460136890411377
1975.9615478515625    305.5182800292969    8.1873197555542    0.08673141896724701    7.417372703552246
2072.884521484375    305.8058166503906    7.79581880569458    0.45721739530563354    7.318255424499512
2172.115234375    306.0486755371094    7.4806318283081055    0.7625460624694824    7.286177158355713
2273.654052734375    306.27679443359375    7.191385269165039    1.0530638694763184    7.346303939819336
2377.5    306.5316162109375    6.877632141113281    1.3790067434310913    7.393764495849609
2483.654052734375    306.82464599609375    6.530026912689209    1.758981704711914    7.363304138183594
2592.11572265625    307.1239929199219    6.194246292114258    2.1350207328796387    7.299195289611816
2702.885009765625    307.4223327636719    5.886326313018799    2.4806766510009766    7.250372886657715
2815.961669921875    307.7239685058594    5.596174240112305    2.824601888656616    7.264306545257568
2931.346435546875    308.0135192871094    5.319222450256348    3.1775002479553223    7.356877326965332
3049.03857421875    308.30816650390625    5.043174743652344    3.5310802459716797    7.404539108276367
3169.038818359375    308.65008544921875    4.754458904266357    3.9220104217529297    7.4373579025268555
3291.34619140625    309.007080078125    4.476308345794678    4.334859848022461    7.470256805419922
3415.961669921875    309.3579406738281    4.201803207397461    4.747179985046387    7.473002910614014
3542.884765625    309.6973876953125    3.9343554973602295    5.157062530517578    7.455819129943848
3672.115234375    310.0495300292969    3.679399251937866    5.565437316894531    7.396963119506836
3803.654052734375    310.4311828613281    3.4411990642547607    5.9726667404174805    7.35371208190918
3937.50048828125    310.8166809082031    3.2215025424957275    6.367007255554199    7.353730201721191
4073.654296875    311.18719482421875    3.007553815841675    6.755021572113037    7.364941596984863
4212.115234375    311.5491638183594    2.7935380935668945    7.148931503295898    7.422779083251953
4352.884765625    311.9183654785156    2.5871872901916504    7.552621841430664    7.53171443939209
4495.96142578125    312.3186340332031    2.3969602584838867    7.957801342010498    7.581209182739258
4641.3466796875    312.75579833984375    2.2229502201080322    8.355239868164062    7.535348892211914
4789.03857421875    313.20220947265625    2.0557188987731934    8.748470306396484    7.491312026977539
4939.03857421875    313.6168518066406    1.8955457210540771    9.135124206542969    7.484756946563721
5091.34619140625    314.0048828125    1.7442024946212769    9.520135879516602    7.501402378082275
5245.96142578125    314.3880615234375    1.60248601436615    9.90079402923584    7.534687519073486
5402.884765625    314.7797546386719    1.4677250385284424    10.278951644897461    7.580541133880615
5562.11572265625    315.206298828125    1.335822343826294    10.670467376708984    7.603776931762695
5723.65478515625    315.7005310058594    1.2099992036819458    11.08098030090332    7.601720809936523
5887.50048828125    316.2579650878906    1.0967289209365845    11.49703598022461    7.557437896728516
6053.654296875    316.7819519042969    0.9975694417953491    11.873600006103516    7.481395721435547
6222.11572265625    317.2210998535156    0.9087262749671936    12.203746795654297    7.5069966316223145
6392.88525390625    317.66351318359375    0.8202541470527649    12.544174194335938    7.5950798988342285
6565.96142578125    318.1446838378906    0.7328521609306335    12.914575576782227    7.622653007507324
6741.345703125    318.6254577636719    0.6529124975204468    13.28358268737793    7.592827320098877
6919.03857421875    319.0918884277344    0.5811816453933716    13.63327693939209    7.55911111831665
7099.0390625    319.577392578125    0.5170606374740601    13.97337532043457    7.51041841506958
7281.345703125    320.062744140625    0.46007683873176575    14.297454833984375    7.457214832305908
7465.96142578125    320.5249938964844    0.40938320755958557    14.607337951660156    7.430121421813965
7652.884765625    320.98480224609375    0.3625963032245636    14.910852432250977    7.437558650970459
7842.115234375    321.49212646484375    0.3196801543235779    15.211929321289062    7.47810173034668
8033.654296875    322.0699157714844    0.28156742453575134    15.511475563049316    7.519852638244629
8227.5    322.6702575683594    0.2470386028289795    15.807942390441895    7.53676700592041
8423.6533203125    323.238525390625    0.21486292779445648    16.102867126464844    7.552864074707031
8622.1162109375    323.7857360839844    0.18542002141475677    16.391986846923828    7.541757583618164
8822.8857421875    324.33306884765625    0.15926112234592438    16.679584503173828    7.483768939971924
9025.9619140625    324.8585205078125    0.13691364228725433    16.942018508911133    7.480470180511475
9231.345703125    325.3705139160156    0.11733356863260269    17.19097328186035    7.563183784484863
9439.0390625    325.9231872558594    0.0995330661535263    17.45363998413086    7.591521263122559
9649.0390625    326.50897216796875    0.08391153812408447    17.715343475341797    7.54630184173584
9861.34765625    327.0920104980469    0.07063541561365128    17.957496643066406    7.523106575012207
10075.9609375    327.666748046875    0.059029169380664825    18.187545776367188    7.535954475402832
10292.884765625    328.226318359375    0.048941776156425476    18.420772552490234    7.525197982788086
10512.115234375    328.787841796875    0.0406944714486599    18.630481719970703    7.503583908081055
10733.6552734375    329.3796081542969    0.03360665217041969    18.827213287353516    7.5834455490112305
10957.5    330.0003967285156    0.02731173299252987    19.03645896911621    7.666148662567139
11183.654296875    330.60498046875    0.022053368389606476    19.243648529052734    7.649388313293457
11412.1162109375    331.21649169921875    0.01758468896150589    19.43244171142578    7.618695259094238
11642.884765625    331.9229431152344    0.013742109760642052    19.60999298095703    7.640995025634766
11875.9609375    332.968994140625    0.011135251261293888    19.784269332885742    7.681443214416504
12111.34765625    335.0791015625    0.010411807335913181    19.966991424560547    7.5927276611328125
12349.0400390625    338.6706237792969    0.010599944740533829    20.131837844848633    7.429929256439209
12589.0400390625    342.6711120605469    0.011115183122456074    20.264827728271484    7.52744197845459
12831.3466796875    346.7535400390625    0.011750641278922558    20.414831161499023    7.727890968322754
13075.9609375    350.9048156738281    0.012378578074276447    20.585325241088867    7.676929473876953
13322.8857421875    355.051025390625    0.012994755990803242    20.723529815673828    7.573724746704102
13572.1171875    359.296142578125    0.013665130361914635    20.842880249023438    7.510252952575684
13823.65625    363.546875    0.014367792755365372    20.964683532714844    7.540977478027344
14077.5009765625    367.9003601074219    0.01515053678303957    21.106470108032227    7.580997467041016
14333.65625    372.38372802734375    0.01599029451608658    21.251651763916016    7.447512626647949
14592.1171875    377.01690673828125    0.016866598278284073    21.372509002685547    7.560676574707031
14852.884765625    382.156982421875    0.017865000292658806    21.494014739990234    7.714096546173096
15115.9619140625    387.1690673828125    0.018956415355205536    21.593807220458984    7.584391117095947
15381.34765625    391.9189453125    0.02008298970758915    21.656429290771484    7.544971466064453
15649.0400390625    397.0039367675781    0.02124718576669693    21.70659828186035    7.511059761047363
15919.0400390625    402.2059020996094    0.022493358701467514    21.733644485473633    7.392068862915039
16191.34765625    407.5087585449219    0.023825399577617645    21.744029998779297    7.4111199378967285
16465.9609375    412.8945617675781    0.025227684527635574    21.75438690185547    7.411070823669434
16742.884765625    418.3608703613281    0.026771312579512596    21.775550842285156    7.391525745391846
17022.1171875    423.9668884277344    0.028476465493440628    21.811391830444336    7.408242225646973
17303.65625    429.7145080566406    0.030279213562607765    21.853160858154297    7.441779136657715
17587.501953125    435.6094665527344    0.03223910182714462    21.895809173583984    7.45676851272583
17872.501953125    441.5858459472656    0.034248050302267075    21.939720153808594    7.457016944885254
18500    454.74432453481774    0.03867124765108058    22.036401046185116    7.457563929779357
