1000.0250701904297    301.4072265625    14.599552273750305
7.5    301.4068298339844    14.59995174407959    -13.061229705810547    -4.727472305297852
22.5    301.40594482421875    14.600955963134766    -13.305187225341797    -2.496185779571533
37.5    301.4049377441406    14.60223388671875    -13.54477310180664    -1.1010613441467285
53.65380096435547    301.4037170410156    14.603887557983398    -13.873831748962402    -0.15739494562149048
72.11540222167969    301.40289306640625    14.60549545288086    -14.293586730957031    0.40222349762916565
92.88459777832031    301.4034118652344    14.605587005615234    -14.60657024383545    1.0142717361450195
115.96150207519531    301.405517578125    14.603848457336426    -14.70180892944336    1.8591525554656982
141.34620666503906    301.4084777832031    14.60081958770752    -14.579623222351074    2.84993052482605
169.0384979248047    301.4123229980469    14.59698486328125    -14.296538352966309    4.001278400421143
199.0384979248047    301.41650390625    14.592881202697754    -13.93655776977539    5.181936264038086
231.34620666503906    301.41900634765625    14.590994834899902    -13.507440567016602    5.933518409729004
265.96160888671875    301.4209289550781    14.589808464050293    -13.00458812713623    6.317575454711914
302.8846130371094    301.4222717285156    14.589699745178223    -12.447786331176758    6.474902629852295
342.1153869628906    301.4239196777344    14.589164733886719    -11.933389663696289    6.328120231628418
383.6539001464844    301.4267578125    14.587316513061523    -11.504240989685059    5.774874687194824
427.5    301.4352722167969    14.579225540161133    -11.236842155456543    5.560094356536865
473.65380859375    301.45074462890625    14.562880516052246    -11.006575584411621    5.85561466217041
522.1154174804688    301.4677734375    14.544448852539062    -10.54307746887207    6.705697059631348
572.8847045898438    301.482421875    14.528529167175293    -9.887018203735352    8.14660930633545
625.9616088867188    301.496337890625    14.51339054107666    -9.069645881652832    9.329240798950195
681.34619140625    301.5130615234375    14.494930267333984    -8.658992767333984    9.919519424438477
739.0383911132812    301.5332946777344    14.472125053405762    -8.905061721801758    10.453481674194336
799.0383911132812    301.5508117675781    14.452238082885742    -9.49298095703125    11.022722244262695
861.34619140625    301.5575866699219    14.44639778137207    -9.552005767822266    11.608013153076172
925.9616088867188    301.5782775878906    14.422471046447754    -9.071573257446289    11.509122848510742
992.8847045898438    301.83599853515625    14.087421417236328    -7.367033958435059    10.992328643798828
1062.1156005859375    302.0558166503906    13.777499198913574    -6.011247634887695    10.206653594970703
1133.6539306640625    302.38299560546875    13.280413627624512    -4.621849060058594    9.532323837280273
1207.5001220703125    302.79913330078125    12.635912895202637    -3.5284171104431152    8.823810577392578
1283.65380859375    303.1542053222656    12.050392150878906    -2.8784003257751465    8.27978515625
1362.115478515625    303.5581359863281    11.346384048461914    -2.3266639709472656    7.944234371185303
1442.884765625    303.88916015625    10.752058982849121    -1.942995548248291    7.741625785827637
1525.9617919921875    304.148193359375    10.286087036132812    -1.6171621084213257    7.648953437805176
1611.34619140625    304.35113525390625    9.944091796875    -1.3159093856811523    7.661849498748779
1699.03857421875    304.5830993652344    9.574984550476074    -0.9768106937408447    7.691103458404541
1789.03857421875    304.8528747558594    9.157501220703125    -0.5969338417053223    7.671215057373047
1881.34619140625    305.127197265625    8.745588302612305    -0.22219695150852203    7.572092056274414
1975.9615478515625    305.3758850097656    8.38661003112793    0.10786660015583038    7.464313507080078
2072.884521484375    305.6178894042969    8.04885196685791    0.43795421719551086    7.4774556159973145
2172.115234375    305.9002685546875    7.67428731918335    0.8226132392883301    7.581193923950195
2273.654052734375    306.2231750488281    7.259523868560791    1.241866111755371    7.646059989929199
2377.5    306.5609130859375    6.842577934265137    1.6676949262619019    7.645506858825684
2483.654052734375    306.8946533203125    6.449456691741943    2.077260971069336    7.620900630950928
2592.11572265625    307.21441650390625    6.0988240242004395    2.4506683349609375    7.590758323669434
2702.885009765625    307.5257873535156    5.78452205657959    2.8080453872680664    7.567616939544678
2815.961669921875    307.8336486816406    5.489762783050537    3.1579909324645996    7.544045448303223
2931.346435546875    308.1437072753906    5.19478178024292    3.5155956745147705    7.509125709533691
3049.03857421875    308.4639892578125    4.908614158630371    3.8822379112243652    7.480050086975098
3169.038818359375    308.7967834472656    4.639039039611816    4.254149913787842    7.46250057220459
3291.34619140625    309.1390380859375    4.372007369995117    4.631340980529785    7.4513750076293945
3415.961669921875    309.4856872558594    4.098579406738281    5.022388458251953    7.471158981323242
3542.884765625    309.83209228515625    3.8330461978912354    5.4145917892456055    7.4596052169799805
3672.115234375    310.18865966796875    3.5891685485839844    5.7968902587890625    7.443232536315918
3803.654052734375    310.5594482421875    3.366926670074463    6.178701400756836    7.437392234802246
3937.50048828125    310.9329528808594    3.1545512676239014    6.567095756530762    7.3757734298706055
4073.654296875    311.29547119140625    2.9430086612701416    6.949043273925781    7.310997009277344
4212.115234375    311.6479797363281    2.735529661178589    7.314125061035156    7.318917274475098
4352.884765625    312.017578125    2.536159038543701    7.678600311279297    7.352900505065918
4495.96142578125    312.43536376953125    2.3480706214904785    8.066802978515625    7.386099815368652
4641.3466796875    312.88372802734375    2.174602508544922    8.470451354980469    7.400949001312256
4789.03857421875    313.333251953125    2.005718231201172    8.872298240661621    7.391611576080322
4939.03857421875    313.75653076171875    1.8410450220108032    9.26260757446289    7.394691467285156
5091.34619140625    314.1500244140625    1.6893398761749268    9.638031005859375    7.4283766746521
5245.96142578125    314.5405578613281    1.5483447313308716    10.01526927947998    7.451297760009766
5402.884765625    314.9444274902344    1.414000153541565    10.390335083007812    7.47059440612793
5562.11572265625    315.3761291503906    1.2890198230743408    10.76605224609375    7.472958087921143
5723.65478515625    315.8414611816406    1.1791660785675049    11.129193305969238    7.454777717590332
5887.50048828125    316.35113525390625    1.0794075727462769    11.486104965209961    7.491398811340332
6053.654296875    316.8744201660156    0.9793062806129456    11.854313850402832    7.538584232330322
6222.11572265625    317.35272216796875    0.8818492293357849    12.222450256347656    7.5389485359191895
6392.88525390625    317.81329345703125    0.7919583320617676    12.581799507141113    7.520595550537109
6565.96142578125    318.26483154296875    0.7122079730033875    12.926225662231445    7.538886070251465
6741.345703125    318.7073669433594    0.6399478316307068    13.257019996643066    7.566075801849365
6919.03857421875    319.17034912109375    0.5705181956291199    13.600184440612793    7.527805328369141
7099.0390625    319.65667724609375    0.5074535012245178    13.943675994873047    7.410943984985352
7281.345703125    320.1284484863281    0.45258694887161255    14.24793815612793    7.361213207244873
7465.96142578125    320.60052490234375    0.4012376666069031    14.546920776367188    7.420642852783203
7652.884765625    321.08233642578125    0.35351863503456116    14.857149124145508    7.427191734313965
7842.115234375    321.59832763671875    0.3119923174381256    15.158876419067383    7.391233444213867
8033.654296875    322.1750793457031    0.2753954529762268    15.452147483825684    7.421761512756348
8227.5    322.7747497558594    0.2412998378276825    15.753486633300781    7.462350368499756
8423.6533203125    323.3363342285156    0.2094946652650833    16.050357818603516    7.4567766189575195
8622.1162109375    323.8737487792969    0.18097403645515442    16.32562255859375    7.458754062652588
8822.8857421875    324.4136047363281    0.15566332638263702    16.593900680541992    7.459306240081787
9025.9619140625    324.9452819824219    0.1334337741136551    16.85834503173828    7.426083564758301
9231.345703125    325.4612731933594    0.1141352653503418    17.10858917236328    7.409329414367676
9439.0390625    326.0076599121094    0.09705203026533127    17.352294921875    7.434386253356934
9649.0390625    326.5931091308594    0.08188070356845856    17.59496307373047    7.452821254730225
9861.34765625    327.1859436035156    0.06866731494665146    17.83343505859375    7.457181930541992
10075.9609375    327.74371337890625    0.05754968523979187    18.06270980834961    7.401698112487793
10292.884765625    328.26068115234375    0.04836220666766167    18.26972198486328    7.368623733520508
10512.115234375    328.8238525390625    0.04022921621799469    18.47506332397461    7.436347961425781
10733.6552734375    329.4292297363281    0.03307099640369415    18.678653717041016    7.510436534881592
10957.5    330.0387878417969    0.026950404047966003    18.877578735351562    7.575377941131592
11183.654296875    330.64874267578125    0.02170058712363243    19.077449798583984    7.585899353027344
11412.1162109375    331.2598876953125    0.01730056293308735    19.26706314086914    7.566408157348633
11642.884765625    331.95550537109375    0.013595140539109707    19.442773818969727    7.585685729980469
11875.9609375    333.0548095703125    0.011044465936720371    19.604679107666016    7.595400810241699
12111.34765625    335.2454833984375    0.010399391874670982    19.757915496826172    7.483489990234375
12349.0400390625    338.7464599609375    0.010606836527585983    19.907039642333984    7.301271915435791
12589.0400390625    342.6922302246094    0.011116900481283665    20.053791046142578    7.272928714752197
12831.3466796875    346.6614685058594    0.011733775027096272    20.203502655029297    7.387685775756836
13075.9609375    350.6854248046875    0.012345843948423862    20.355934143066406    7.56265115737915
13322.8857421875    354.940185546875    0.012979094870388508    20.509721755981445    7.628742218017578
13572.1171875    359.3150634765625    0.013667654246091843    20.654560089111328    7.50357723236084
13823.65625    363.5872497558594    0.01437539141625166    20.788114547729492    7.421566963195801
14077.5009765625    367.839599609375    0.015139168128371239    20.926025390625    7.49611759185791
14333.65625    372.2595520019531    0.015966471284627914    21.068254470825195    7.611493110656738
14592.1171875    376.961669921875    0.016856439411640167    21.219951629638672    7.713877201080322
14852.884765625    382.0262451171875    0.017837265506386757    21.38330841064453    7.58986234664917
15115.9619140625    386.8477783203125    0.018881740048527718    21.51725959777832    7.327561378479004
15381.34765625    391.4742126464844    0.019981227815151215    21.642757415771484    7.287235260009766
15649.0400390625    396.44195556640625    0.021114405244588852    21.7801570892334    7.474604606628418
15919.0400390625    401.7773132324219    0.02237400971353054    21.89694595336914    7.64745569229126
16191.34765625    407.27520751953125    0.023749126121401787    21.966773986816406    7.593510627746582
16465.9609375    412.68548583984375    0.02515035681426525    21.998531341552734    7.522618770599365
16742.884765625    418.20587158203125    0.026694191619753838    22.018936157226562    7.570825576782227
17022.1171875    423.91748046875    0.028428751975297928    22.041894912719727    7.567681789398193
17303.65625    429.70672607421875    0.030254751443862915    22.068599700927734    7.547904968261719
17587.501953125    435.5951232910156    0.03222373127937317    22.10129165649414    7.550507545471191
17872.501953125    441.5789489746094    0.034243494272232056    22.142139434814453    7.54129695892334
18500    454.7538224107341    0.0386905024587912    22.232075929955432    7.5210175727150945
