1000.04833984375    301.43566513061523    14.568680047988892
7.5    301.4351806640625    14.569267272949219    -12.645273208618164    -5.901983737945557
22.5    301.4346923828125    14.569750785827637    -12.740259170532227    -4.155353546142578
37.5    301.4348449707031    14.569313049316406    -12.806995391845703    -3.050995349884033
53.65380096435547    301.4364929199219    14.566819190979004    -12.833353996276855    -2.000767707824707
72.11540222167969    301.4399108886719    14.561829566955566    -12.689239501953125    -0.6420831084251404
92.88459777832031    301.44366455078125    14.5563383102417    -12.370784759521484    1.1736493110656738
115.96150207519531    301.44659423828125    14.55192756652832    -12.309625625610352    2.99314022064209
141.34620666503906    301.4487609863281    14.549291610717773    -12.950701713562012    4.142016410827637
169.0384979248047    301.4492492675781    14.549212455749512    -13.689094543457031    4.898836612701416
199.0384979248047    301.4477233886719    14.55107593536377    -13.949193954467773    5.903763771057129
231.34620666503906    301.44635009765625    14.552040100097656    -13.853023529052734    6.883561134338379
265.96160888671875    301.4485778808594    14.549588203430176    -13.825460433959961    7.425877571105957
302.8846130371094    301.4616394042969    14.534035682678223    -13.736985206604004    7.918410301208496
342.1153869628906    301.4906005859375    14.500680923461914    -13.382061004638672    8.756030082702637
383.6539001464844    301.5202941894531    14.466578483581543    -12.8787202835083    9.78361701965332
427.5    301.5361328125    14.449453353881836    -12.382311820983887    10.367412567138672
473.65380859375    301.55145263671875    14.432611465454102    -12.010767936706543    10.42292308807373
522.1154174804688    301.58258056640625    14.396540641784668    -12.071407318115234    9.90188217163086
572.8847045898438    301.6085205078125    14.365324974060059    -12.18380355834961    9.128864288330078
625.9616088867188    301.6114196777344    14.362556457519531    -11.479674339294434    8.166210174560547
681.34619140625    301.5981140136719    14.381237983703613    -10.31742000579834    7.688286781311035
739.0383911132812    301.58221435546875    14.404138565063477    -9.162460327148438    7.774054527282715
799.0383911132812    301.577392578125    14.413586616516113    -8.878568649291992    8.161249160766602
861.34619140625    301.5591735839844    14.439936637878418    -8.963251113891602    8.859905242919922
925.9616088867188    301.5701599121094    14.429003715515137    -8.63966178894043    9.728534698486328
992.8847045898438    301.59112548828125    14.405913352966309    -8.074167251586914    10.574103355407715
1062.1156005859375    301.6551513671875    14.33156681060791    -6.887128829956055    10.403572082519531
1133.6539306640625    301.903076171875    14.010494232177734    -5.824008941650391    10.349565505981445
1207.5001220703125    302.5174865722656    13.122370719909668    -3.6188912391662598    9.244375228881836
1283.65380859375    303.1524353027344    12.083587646484375    -2.612790107727051    8.533823013305664
1362.115478515625    303.720703125    11.052804946899414    -2.0095372200012207    7.676970481872559
1442.884765625    303.9841003417969    10.566582679748535    -1.7559332847595215    7.317167282104492
1525.9617919921875    304.1874084472656    10.213360786437988    -1.5188764333724976    7.2370147705078125
1611.34619140625    304.3901062011719    9.881734848022461    -1.2596362829208374    7.244704246520996
1699.03857421875    304.60443115234375    9.540166854858398    -1.020075798034668    7.268225193023682
1789.03857421875    304.8630676269531    9.139732360839844    -0.7414214015007019    7.329268455505371
1881.34619140625    305.1587829589844    8.699586868286133    -0.38066673278808594    7.408090591430664
1975.9615478515625    305.45037841796875    8.282395362854004    -0.0012451047077775002    7.395317554473877
2072.884521484375    305.736572265625    7.888330936431885    0.35224348306655884    7.296388626098633
2172.115234375    306.0067138671875    7.534786224365234    0.6768953800201416    7.260056495666504
2273.654052734375    306.2633056640625    7.20820426940918    0.9998676776885986    7.298974514007568
2377.5    306.5198974609375    6.89243745803833    1.331197738647461    7.321124076843262
2483.654052734375    306.78363037109375    6.579039573669434    1.6647260189056396    7.312653541564941
2592.11572265625    307.06842041015625    6.255814552307129    2.0144855976104736    7.335482597351074
2702.885009765625    307.36041259765625    5.948334693908691    2.368194580078125    7.375041961669922
2815.961669921875    307.6547546386719    5.662111759185791    2.734557628631592    7.394509315490723
2931.346435546875    307.9517822265625    5.377211093902588    3.1045947074890137    7.392414093017578
3049.03857421875    308.2812194824219    5.0689697265625    3.4906487464904785    7.431278228759766
3169.038818359375    308.6416931152344    4.762956619262695    3.9084935188293457    7.459747314453125
3291.34619140625    308.9961853027344    4.483928680419922    4.322948455810547    7.4470062255859375
3415.961669921875    309.3375244140625    4.217226505279541    4.710911750793457    7.419682025909424
3542.884765625    309.6789855957031    3.9491374492645264    5.097586154937744    7.383049488067627
3672.115234375    310.0282897949219    3.694432258605957    5.4941534996032715    7.318881988525391
3803.654052734375    310.3765869140625    3.473360300064087    5.87024450302124    7.25014591217041
3937.50048828125    310.7270202636719    3.2719647884368896    6.235943794250488    7.273078918457031
4073.654296875    311.0830078125    3.067830801010132    6.618691444396973    7.343616962432861
4212.115234375    311.4386901855469    2.8588969707489014    7.02114200592041    7.410212516784668
4352.884765625    311.800048828125    2.65114164352417    7.427123069763184    7.456728935241699
4495.96142578125    312.2066345214844    2.4475648403167725    7.837197303771973    7.468905448913574
4641.3466796875    312.67523193359375    2.2546746730804443    8.27148151397705    7.49434757232666
4789.03857421875    313.15289306640625    2.074758768081665    8.719076156616211    7.522815704345703
4939.03857421875    313.5848693847656    1.9082162380218506    9.13882064819336    7.51324462890625
5091.34619140625    313.9719543457031    1.7566287517547607    9.517963409423828    7.514649391174316
5245.96142578125    314.3624572753906    1.61161208152771    9.896251678466797    7.562920570373535
5402.884765625    314.7776794433594    1.4686542749404907    10.306011199951172    7.6078643798828125
5562.11572265625    315.2081604003906    1.335204005241394    10.712158203125    7.656380653381348
5723.65478515625    315.6772155761719    1.2140753269195557    11.108926773071289    7.710237503051758
5887.50048828125    316.21307373046875    1.1052465438842773    11.510119438171387    7.7020673751831055
6053.654296875    316.7503967285156    1.004276156425476    11.89657974243164    7.62276554107666
6222.11572265625    317.218505859375    0.908960223197937    12.257575988769531    7.553466320037842
6392.88525390625    317.6737060546875    0.818061113357544    12.619956970214844    7.5741143226623535
6565.96142578125    318.1501770019531    0.7317294478416443    12.99350357055664    7.566180229187012
6741.345703125    318.62066650390625    0.653592586517334    13.35247802734375    7.539162635803223
6919.03857421875    319.07879638671875    0.5833097696304321    13.701576232910156    7.510086536407471
7099.0390625    319.5452575683594    0.5212513208389282    14.038789749145508    7.429473400115967
7281.345703125    319.99688720703125    0.4674915373325348    14.34463882446289    7.33090877532959
7465.96142578125    320.44049072265625    0.4183441400527954    14.629545211791992    7.345142364501953
7652.884765625    320.91552734375    0.3691980242729187    14.936344146728516    7.432163715362549
7842.115234375    321.4437255859375    0.32334429025650024    15.264150619506836    7.502614498138428
8033.654296875    322.0492858886719    0.28288325667381287    15.59115219116211    7.552105903625488
8227.5    322.67877197265625    0.24667586386203766    15.9154052734375    7.558990478515625
8423.6533203125    323.2486877441406    0.21432119607925415    16.224590301513672    7.483211517333984
8622.1162109375    323.7773742675781    0.1857963353395462    16.505115509033203    7.440025329589844
8822.8857421875    324.3096008300781    0.16028939187526703    16.772432327270508    7.462620735168457
9025.9619140625    324.8541259765625    0.13710825145244598    17.040725708007812    7.464846134185791
9231.345703125    325.3858947753906    0.11676150560379028    17.306604385375977    7.458222389221191
9439.0390625    325.935791015625    0.09912306815385818    17.561254501342773    7.485725402832031
9649.0390625    326.5203552246094    0.08362805843353271    17.806503295898438    7.5044426918029785
9861.34765625    327.1241455078125    0.06997419893741608    18.050832748413086    7.508634567260742
10075.9609375    327.7148132324219    0.05810941383242607    18.291988372802734    7.492753028869629
10292.884765625    328.2721252441406    0.048191942274570465    18.517929077148438    7.467227458953857
10512.115234375    328.85382080078125    0.03983304649591446    18.730976104736328    7.482312202453613
10733.6552734375    329.45751953125    0.03277295082807541    18.932727813720703    7.500133514404297
10957.5    330.0542907714844    0.026805000379681587    19.120681762695312    7.500734329223633
11183.654296875    330.646484375    0.02170797623693943    19.311195373535156    7.475301742553711
11412.1162109375    331.25164794921875    0.017359977588057518    19.499305725097656    7.411517143249512
11642.884765625    331.9447937011719    0.01365242712199688    19.673011779785156    7.339676856994629
11875.9609375    332.9538269042969    0.011122743599116802    19.834274291992188    7.291601181030273
12111.34765625    334.8777770996094    0.010402069427073002    19.999919891357422    7.365907192230225
12349.0400390625    338.3819274902344    0.01057481113821268    20.201236724853516    7.487269878387451
12589.0400390625    342.6304931640625    0.011109271086752415    20.404420852661133    7.4821929931640625
12831.3466796875    346.6507873535156    0.01173335686326027    20.57262420654297    7.44219446182251
13075.9609375    350.71337890625    0.012350107543170452    20.716522216796875    7.654348373413086
13322.8857421875    355.10223388671875    0.013003531843423843    20.871135711669922    7.735689163208008
13572.1171875    359.4227600097656    0.013685031794011593    21.00869369506836    7.47608757019043
13823.65625    363.6226806640625    0.01438132394105196    21.116477966308594    7.489636421203613
14077.5009765625    368.0208740234375    0.015172957442700863    21.23381805419922    7.7201385498046875
14333.65625    372.60552978515625    0.016031736508011818    21.347789764404297    7.781414031982422
14592.1171875    377.3892822265625    0.016937214881181717    21.445693969726562    7.665858268737793
14852.884765625    382.346435546875    0.017902811989188194    21.52984619140625    7.47108268737793
15115.9619140625    387.1424255371094    0.018951302394270897    21.582399368286133    7.426052570343018
15381.34765625    392.0152893066406    0.02010253258049488    21.617828369140625    7.519467830657959
15649.0400390625    397.15814208984375    0.021281342953443527    21.632431030273438    7.609102249145508
15919.0400390625    402.3663635253906    0.022529995068907738    21.62259864807129    7.609592437744141
16191.34765625    407.65399169921875    0.023865314200520515    21.608173370361328    7.545964241027832
16465.9609375    413.0340881347656    0.025273099541664124    21.605676651000977    7.476419448852539
16742.884765625    418.48187255859375    0.026818713173270226    21.6230525970459    7.433432579040527
17022.1171875    424.0753173828125    0.028526540845632553    21.663238525390625    7.413080215454102
17303.65625    429.7850646972656    0.03032689355313778    21.71855926513672    7.392542839050293
17587.501953125    435.6156311035156    0.03226400911808014    21.777774810791016    7.401773452758789
17872.501953125    441.5792541503906    0.03425290063023567    21.832550048828125    7.415366172790527
18500    454.70964648096185    0.0386319376103194    21.95315129404005    7.445293910585736
