1000.024299621582    301.3789520263672    14.626564383506775
7.5    301.3799743652344    14.625226974487305    -13.562799453735352    -5.222031593322754
22.5    301.3822021484375    14.622364044189453    -13.723477363586426    -2.946704387664795
37.5    301.3846740722656    14.619250297546387    -13.691963195800781    -1.2577111721038818
53.65380096435547    301.3873291015625    14.615938186645508    -13.538640975952148    0.2760016918182373
72.11540222167969    301.38970947265625    14.613015174865723    -13.336585998535156    1.7689414024353027
92.88459777832031    301.3908386230469    14.611732482910156    -13.198077201843262    3.236492395401001
115.96150207519531    301.3899230957031    14.613171577453613    -13.208535194396973    4.664181232452393
141.34620666503906    301.3880920410156    14.616020202636719    -13.336949348449707    5.837175369262695
169.0384979248047    301.38983154296875    14.61478042602539    -13.394817352294922    6.657539367675781
199.0384979248047    301.39825439453125    14.605457305908203    -13.259648323059082    7.0171051025390625
231.34620666503906    301.40655517578125    14.596786499023438    -12.966796875    6.925852298736572
265.96160888671875    301.4078369140625    14.596826553344727    -12.509395599365234    6.630247592926025
302.8846130371094    301.4043884277344    14.602911949157715    -11.975227355957031    6.3944244384765625
342.1153869628906    301.4009704589844    14.609186172485352    -11.546093940734863    6.094346523284912
383.6539001464844    301.4024658203125    14.609515190124512    -11.071515083312988    5.5478620529174805
427.5    301.41143798828125    14.600358009338379    -10.327913284301758    5.2891387939453125
473.65380859375    301.4264221191406    14.583309173583984    -9.78535270690918    5.9173455238342285
522.1154174804688    301.4461364746094    14.560091972351074    -9.750136375427246    6.684267997741699
572.8847045898438    301.4668884277344    14.535141944885254    -10.09566879272461    7.640871047973633
625.9616088867188    301.4859313964844    14.512504577636719    -10.017671585083008    8.402019500732422
681.34619140625    301.4957275390625    14.502044677734375    -9.2894287109375    8.871969223022461
739.0383911132812    301.52203369140625    14.472318649291992    -8.661735534667969    9.456449508666992
799.0383911132812    301.5722351074219    14.413702964782715    -8.171955108642578    9.869338989257812
861.34619140625    301.6267395019531    14.34477424621582    -7.8530120849609375    9.776737213134766
925.9616088867188    301.74163818359375    14.193699836730957    -7.322397232055664    9.654670715332031
992.8847045898438    301.7793884277344    14.14550495147705    -6.971951007843018    9.777467727661133
1062.1156005859375    301.8200378417969    14.09432601928711    -6.473583221435547    9.313959121704102
1133.6539306640625    301.8800048828125    14.016003608703613    -6.191658973693848    9.238222122192383
1207.5001220703125    302.01904296875    13.82604694366455    -5.195738792419434    9.127099990844727
1283.65380859375    302.63934326171875    12.911739349365234    -3.2681760787963867    8.7222261428833
1362.115478515625    303.27044677734375    11.89515495300293    -2.3612241744995117    8.072076797485352
1442.884765625    303.6789855957031    11.15164852142334    -1.9009630680084229    7.889259338378906
1525.9617919921875    303.9810791015625    10.573867797851562    -1.51020348072052    7.794030666351318
1611.34619140625    304.25152587890625    10.10425853729248    -1.1498866081237793    7.764489650726318
1699.03857421875    304.52777099609375    9.660913467407227    -0.8027064800262451    7.818547248840332
1789.03857421875    304.82647705078125    9.196792602539062    -0.4582288861274719    7.834271430969238
1881.34619140625    305.13055419921875    8.74116039276123    -0.12284119427204132    7.7764177322387695
1975.9615478515625    305.40911865234375    8.340045928955078    0.19174033403396606    7.707096576690674
2072.884521484375    305.6754455566406    7.970211982727051    0.5054042339324951    7.65773868560791
2172.115234375    305.9542236328125    7.603537559509277    0.8330239057540894    7.634383201599121
2273.654052734375    306.2467346191406    7.229002475738525    1.1813251972198486    7.655954360961914
2377.5    306.54278564453125    6.864480018615723    1.5395210981369019    7.7064924240112305
2483.654052734375    306.8381652832031    6.514397144317627    1.8947203159332275    7.669002532958984
2592.11572265625    307.14227294921875    6.174210071563721    2.2365267276763916    7.6011457443237305
2702.885009765625    307.4637451171875    5.8465471267700195    2.579559564590454    7.617520332336426
2815.961669921875    307.7921447753906    5.532413482666016    2.947343111038208    7.662832260131836
2931.346435546875    308.1080322265625    5.228840351104736    3.307324171066284    7.654340744018555
3049.03857421875    308.430908203125    4.936204433441162    3.6807851791381836    7.618063926696777
3169.038818359375    308.76727294921875    4.662299633026123    4.0670366287231445    7.5707502365112305
3291.34619140625    309.1012268066406    4.403290748596191    4.422596454620361    7.543134689331055
3415.961669921875    309.4332275390625    4.142190933227539    4.773957252502441    7.528084754943848
3542.884765625    309.7677001953125    3.8809337615966797    5.15386962890625    7.514504909515381
3672.115234375    310.11907958984375    3.6319942474365234    5.541923522949219    7.530851364135742
3803.654052734375    310.4985046386719    3.401440382003784    5.931282043457031    7.596186637878418
3937.50048828125    310.8826904296875    3.1842727661132812    6.331326484680176    7.5808916091918945
4073.654296875    311.2519836425781    2.969027519226074    6.727589130401611    7.458320617675781
4212.115234375    311.6021423339844    2.762423038482666    7.106451034545898    7.415895938873291
4352.884765625    311.95550537109375    2.5673532485961914    7.475990295410156    7.487068176269531
4495.96142578125    312.3439636230469    2.3861429691314697    7.858369827270508    7.5458831787109375
4641.3466796875    312.77447509765625    2.2160794734954834    8.256485939025879    7.512556076049805
4789.03857421875    313.21685791015625    2.049978017807007    8.652029991149902    7.498561859130859
4939.03857421875    313.637451171875    1.88752281665802    9.042701721191406    7.550606727600098
5091.34619140625    314.0469665527344    1.7286279201507568    9.450277328491211    7.56201171875
5245.96142578125    314.4485778808594    1.5813283920288086    9.856453895568848    7.512007713317871
5402.884765625    314.8440246582031    1.4466840028762817    10.248967170715332    7.4890666007995605
5562.11572265625    315.2666320800781    1.3184189796447754    10.636005401611328    7.487239837646484
5723.65478515625    315.74029541015625    1.2007887363433838    11.01535415649414    7.491452217102051
5887.50048828125    316.271240234375    1.0943939685821533    11.403390884399414    7.525984764099121
6053.654296875    316.8079528808594    0.9921470284461975    11.79305648803711    7.550780296325684
6222.11572265625    317.29046630859375    0.8943907022476196    12.173308372497559    7.537503242492676
6392.88525390625    317.74761962890625    0.8042311072349548    12.54284381866455    7.500942230224609
6565.96142578125    318.2003173828125    0.7231419086456299    12.895158767700195    7.456995964050293
6741.345703125    318.64422607421875    0.6499364376068115    13.233345031738281    7.426607608795166
6919.03857421875    319.07977294921875    0.5831471085548401    13.56383991241455    7.451086044311523
7099.0390625    319.5481262207031    0.520707905292511    13.899169921875    7.5059919357299805
7281.345703125    320.0498962402344    0.4614781439304352    14.238727569580078    7.514553070068359
7465.96142578125    320.5430603027344    0.40729352831840515    14.573408126831055    7.465942859649658
7652.884765625    321.0155944824219    0.35963174700737    14.888594627380371    7.437085151672363
7842.115234375    321.52032470703125    0.3176060616970062    15.19288158416748    7.461338996887207
8033.654296875    322.1001892089844    0.27979862689971924    15.500667572021484    7.508439064025879
8227.5    322.7068176269531    0.2450072169303894    15.813861846923828    7.545270919799805
8423.6533203125    323.2640075683594    0.21345479786396027    16.107158660888672    7.5428290367126465
8622.1162109375    323.79766845703125    0.18486270308494568    16.386795043945312    7.512249946594238
8822.8857421875    324.3474426269531    0.1586429327726364    16.668560028076172    7.4537553787231445
9025.9619140625    324.8945007324219    0.13544948399066925    16.951202392578125    7.426999092102051
9231.345703125    325.40716552734375    0.11602761596441269    17.21086311340332    7.394163131713867
9439.0390625    325.9256591796875    0.09942769259214401    17.44930076599121    7.378693103790283
9649.0390625    326.48626708984375    0.08445413410663605    17.688358306884766    7.393461227416992
9861.34765625    327.081298828125    0.07087822258472443    17.93572998046875    7.4373321533203125
10075.9609375    327.6722412109375    0.058914437890052795    18.179691314697266    7.491425514221191
10292.884765625    328.2391052246094    0.04873231425881386    18.414342880249023    7.482850551605225
10512.115234375    328.82550048828125    0.04019797965884209    18.633079528808594    7.456916809082031
10733.6552734375    329.4583740234375    0.03276251628994942    18.847566604614258    7.470353126525879
10957.5    330.09881591796875    0.02640146017074585    19.065757751464844    7.456703186035156
11183.654296875    330.69598388671875    0.0213251281529665    19.265535354614258    7.410895824432373
11412.1162109375    331.2845153808594    0.01714250259101391    19.439645767211914    7.390636444091797
11642.884765625    331.96331787109375    0.013565844856202602    19.593467712402344    7.406915664672852
11875.9609375    333.0018310546875    0.011072324588894844    19.750579833984375    7.405618190765381
12111.34765625    335.0732116699219    0.010385728441178799    19.92150115966797    7.377256870269775
12349.0400390625    338.629150390625    0.010593772865831852    20.085609436035156    7.437453269958496
12589.0400390625    342.7409973144531    0.011125772260129452    20.23078155517578    7.561735153198242
12831.3466796875    346.8069763183594    0.011759319342672825    20.36517906188965    7.620954513549805
13075.9609375    350.9269714355469    0.012381595559418201    20.500545501708984    7.605704307556152
13322.8857421875    355.1360168457031    0.013007840141654015    20.615711212158203    7.577978134155273
13572.1171875    359.42919921875    0.013686112128198147    20.719318389892578    7.523785591125488
13823.65625    363.7193603515625    0.01439789030700922    20.829143524169922    7.481809616088867
14077.5009765625    367.9730224609375    0.015164151787757874    20.940406799316406    7.566746711730957
14333.65625    372.43072509765625    0.015999073162674904    21.05886459350586    7.6639251708984375
14592.1171875    377.1546936035156    0.016892878338694572    21.175588607788086    7.602272987365723
14852.884765625    382.1192932128906    0.017856743186712265    21.27788543701172    7.534893035888672
15115.9619140625    386.94842529296875    0.0189062412828207    21.376110076904297    7.505698204040527
15381.34765625    391.6172790527344    0.020011311396956444    21.481605529785156    7.51275634765625
15649.0400390625    396.66461181640625    0.021167367696762085    21.58568572998047    7.576728820800781
15919.0400390625    401.9573059082031    0.022434130311012268    21.669252395629883    7.543686866760254
16191.34765625    407.2554931640625    0.02377016469836235    21.73836326599121    7.474546432495117
16465.9609375    412.62689208984375    0.025168828666210175    21.818130493164062    7.464670181274414
16742.884765625    418.1379089355469    0.026718880981206894    21.911495208740234    7.489187240600586
17022.1171875    423.7984924316406    0.028438962996006012    22.005584716796875    7.503796577453613
17303.65625    429.5887145996094    0.030256452038884163    22.090120315551758    7.50065803527832
17587.501953125    435.501708984375    0.03222016245126724    22.164047241210938    7.499279022216797
17872.501953125    441.53851318359375    0.034236837178468704    22.227558135986328    7.50810432434082
18500    454.83003193579225    0.03867704578373569    22.36739309186998    7.527535411519439
