1000.0055236816406    301.4164924621582    14.59042763710022
7.5    301.4165954589844    14.59027099609375    -12.371377944946289    -5.30850887298584
22.5    301.4168701171875    14.589924812316895    -12.333648681640625    -3.159536838531494
37.5    301.417236328125    14.589534759521484    -12.287046432495117    -1.610241413116455
53.65380096435547    301.4177551269531    14.589068412780762    -12.254862785339355    -0.2702546715736389
72.11540222167969    301.41864013671875    14.588318824768066    -12.313889503479004    0.7920340299606323
92.88459777832031    301.42041015625    14.586738586425781    -12.66677474975586    1.197596549987793
115.96150207519531    301.42333984375    14.583641052246094    -13.289196014404297    1.0627120733261108
141.34620666503906    301.4265441894531    14.57965087890625    -13.741068840026855    1.9365839958190918
169.0384979248047    301.42901611328125    14.576399803161621    -13.909117698669434    3.5033979415893555
199.0384979248047    301.430908203125    14.574153900146484    -14.034933090209961    4.881899833679199
231.34620666503906    301.43218994140625    14.573220252990723    -14.021459579467773    5.55953311920166
265.96160888671875    301.4330139160156    14.573332786560059    -13.755072593688965    5.799952030181885
302.8846130371094    301.4337158203125    14.574166297912598    -13.348783493041992    5.809272766113281
342.1153869628906    301.43463134765625    14.574661254882812    -12.932953834533691    5.706488609313965
383.6539001464844    301.43670654296875    14.573844909667969    -12.652433395385742    5.728211402893066
427.5    301.443115234375    14.567880630493164    -12.510955810546875    5.758216857910156
473.65380859375    301.4578552246094    14.55152416229248    -12.419387817382812    5.840348243713379
522.1154174804688    301.4830322265625    14.522881507873535    -12.147989273071289    6.23388671875
572.8847045898438    301.5072021484375    14.49409008026123    -10.983109474182129    7.477354049682617
625.9616088867188    301.5596923828125    14.427912712097168    -10.026634216308594    9.543333053588867
681.34619140625    301.67034912109375    14.285711288452148    -9.678882598876953    10.249114990234375
739.0383911132812    301.688232421875    14.264440536499023    -9.22951889038086    10.067068099975586
799.0383911132812    301.6546325683594    14.311888694763184    -8.955180168151855    9.744172096252441
861.34619140625    301.6244812011719    14.355048179626465    -8.534887313842773    9.599432945251465
925.9616088867188    301.6571350097656    14.315988540649414    -7.301952362060547    9.643924713134766
992.8847045898438    301.7530212402344    14.191801071166992    -6.516741752624512    9.916539192199707
1062.1156005859375    301.986572265625    13.872740745544434    -5.5308403968811035    10.180289268493652
1133.6539306640625    302.547607421875    13.048248291015625    -3.913144111633301    9.401700973510742
1207.5001220703125    302.9619140625    12.37746524810791    -3.056705951690674    8.465301513671875
1283.65380859375    303.51983642578125    11.413446426391602    -2.341015338897705    7.86323881149292
1362.115478515625    303.85296630859375    10.809820175170898    -2.0323572158813477    7.4083251953125
1442.884765625    304.048583984375    10.453897476196289    -1.884488821029663    7.24696159362793
1525.9617919921875    304.2078552246094    10.176482200622559    -1.7312006950378418    7.276946067810059
1611.34619140625    304.3921813964844    9.8770112991333    -1.5025205612182617    7.402355194091797
1699.03857421875    304.66046142578125    9.453980445861816    -1.1987003087997437    7.547250747680664
1789.03857421875    304.9756774902344    8.969803810119629    -0.8234974145889282    7.659875392913818
1881.34619140625    305.2691955566406    8.5382661819458    -0.47613656520843506    7.65091609954834
1975.9615478515625    305.537841796875    8.158758163452148    -0.15371590852737427    7.580015182495117
2072.884521484375    305.7960205078125    7.808257579803467    0.1635255217552185    7.527715682983398
2172.115234375    306.06585693359375    7.458595275878906    0.49935418367385864    7.496979713439941
2273.654052734375    306.3463134765625    7.104248046875    0.8330395817756653    7.438058853149414
2377.5    306.621826171875    6.768754482269287    1.1561856269836426    7.335549354553223
2483.654052734375    306.880615234375    6.464688777923584    1.476749300956726    7.325217247009277
2592.11572265625    307.14263916015625    6.172863006591797    1.8103268146514893    7.399632930755615
2702.885009765625    307.4386901855469    5.8690338134765625    2.1759209632873535    7.446066856384277
2815.961669921875    307.76922607421875    5.5497941970825195    2.5746548175811768    7.4384050369262695
2931.346435546875    308.08734130859375    5.245981216430664    2.9651541709899902    7.409723281860352
3049.03857421875    308.3975524902344    4.965550899505615    3.33876371383667    7.348779678344727
3169.038818359375    308.7216796875    4.698665142059326    3.7160143852233887    7.341094970703125
3291.34619140625    309.06109619140625    4.4328131675720215    4.101963043212891    7.388223171234131
3415.961669921875    309.4020080566406    4.165175437927246    4.496258735656738    7.395743370056152
3542.884765625    309.7314147949219    3.9084603786468506    4.887970924377441    7.37925910949707
3672.115234375    310.0710144042969    3.6654820442199707    5.280447483062744    7.39633846282959
3803.654052734375    310.440185546875    3.4361624717712402    5.6882452964782715    7.469501495361328
3937.50048828125    310.81658935546875    3.221071481704712    6.096673965454102    7.491390228271484
4073.654296875    311.17742919921875    3.012582302093506    6.492518901824951    7.459624290466309
4212.115234375    311.525390625    2.806962013244629    6.87985372543335    7.440488815307617
4352.884765625    311.88800048828125    2.603703022003174    7.279184341430664    7.435454368591309
4495.96142578125    312.2862548828125    2.4117252826690674    7.695476531982422    7.4347991943359375
4641.3466796875    312.7145690917969    2.2381904125213623    8.107842445373535    7.45244026184082
4789.03857421875    313.1543884277344    2.073181390762329    8.512174606323242    7.474926948547363
4939.03857421875    313.571533203125    1.9133790731430054    8.915180206298828    7.478918075561523
5091.34619140625    313.9592590332031    1.7622190713882446    9.310297966003418    7.42888879776001
5245.96142578125    314.34600830078125    1.6176795959472656    9.707267761230469    7.396169662475586
5402.884765625    314.73980712890625    1.4808422327041626    10.100414276123047    7.449275016784668
5562.11572265625    315.15435791015625    1.3506680727005005    10.493494033813477    7.49921178817749
5723.65478515625    315.620849609375    1.2280058860778809    10.902442932128906    7.507925033569336
5887.50048828125    316.1556091308594    1.1166363954544067    11.326972961425781    7.48007345199585
6053.654296875    316.70196533203125    1.0135352611541748    11.735679626464844    7.417533874511719
6222.11572265625    317.1805725097656    0.9170078635215759    12.111796379089355    7.398284912109375
6392.88525390625    317.6278991699219    0.826971709728241    12.480670928955078    7.429529666900635
6565.96142578125    318.08782958984375    0.7426354289054871    12.845672607421875    7.449529647827148
6741.345703125    318.5610656738281    0.6631733179092407    13.208794593811035    7.468891143798828
6919.03857421875    319.0264892578125    0.5907139182090759    13.573368072509766    7.446687698364258
7099.0390625    319.4873962402344    0.5282155275344849    13.91930866241455    7.416810035705566
7281.345703125    319.9678649902344    0.47073253989219666    14.25190258026123    7.4430999755859375
7465.96142578125    320.4680480957031    0.41532331705093384    14.600399017333984    7.470959186553955
7652.884765625    320.9577941894531    0.36515310406684875    14.947545051574707    7.428318023681641
7842.115234375    321.4542236328125    0.32246553897857666    15.264430046081543    7.421442031860352
8033.654296875    322.0211486816406    0.28453388810157776    15.56512451171875    7.526566505432129
8227.5    322.6459655761719    0.24857200682163239    15.882244110107422    7.628449440002441
8423.6533203125    323.2364196777344    0.2150118499994278    16.20486831665039    7.6183013916015625
8622.1162109375    323.7895812988281    0.18513287603855133    16.509737014770508    7.549782752990723
8822.8857421875    324.339111328125    0.15899507701396942    16.796993255615234    7.513433456420898
9025.9619140625    324.8863830566406    0.13583269715309143    17.076662063598633    7.502033710479736
9231.345703125    325.4120788574219    0.115875244140625    17.342824935913086    7.470858573913574
9439.0390625    325.9444885253906    0.09888500720262527    17.594772338867188    7.460519790649414
9649.0390625    326.5030517578125    0.0840442031621933    17.838592529296875    7.480936050415039
9861.34765625    327.0859375    0.07078635692596436    18.080257415771484    7.5096211433410645
10075.9609375    327.6609191894531    0.059142615646123886    18.315181732177734    7.531209945678711
10292.884765625    328.2146301269531    0.049118772149086    18.539506912231445    7.547595977783203
10512.115234375    328.807373046875    0.04043060168623924    18.760387420654297    7.5653076171875
10733.6552734375    329.44122314453125    0.032948821783065796    18.982332229614258    7.567561149597168
10957.5    330.0633239746094    0.026724962517619133    19.19469451904297    7.534747123718262
11183.654296875    330.64556884765625    0.02171821892261505    19.385826110839844    7.516693115234375
11412.1162109375    331.2411804199219    0.017420366406440735    19.56483268737793    7.554073333740234
11642.884765625    331.9385070800781    0.013670019805431366    19.736068725585938    7.5434112548828125
11875.9609375    332.9531555175781    0.011155527085065842    19.91250228881836    7.489523887634277
12111.34765625    334.9685363769531    0.010406280867755413    20.093149185180664    7.536545753479004
12349.0400390625    338.6705627441406    0.010600470937788486    20.253726959228516    7.562516212463379
12589.0400390625    342.8554382324219    0.011142081581056118    20.401220321655273    7.471957683563232
12831.3466796875    346.8009033203125    0.011757735162973404    20.54521942138672    7.52199649810791
13075.9609375    350.85455322265625    0.012371176853775978    20.690414428710938    7.585760116577148
13322.8857421875    355.0030822753906    0.01298727560788393    20.81118392944336    7.633603572845459
13572.1171875    359.34039306640625    0.013672254048287868    20.927358627319336    7.716119766235352
13823.65625    363.8306579589844    0.014416794292628765    21.055133819580078    7.625558853149414
14077.5009765625    368.1712646484375    0.015200973488390446    21.155025482177734    7.53462028503418
14333.65625    372.669921875    0.01604415662586689    21.228853225708008    7.541037559509277
14592.1171875    377.5069885253906    0.016959456726908684    21.304950714111328    7.550644874572754
14852.884765625    382.4985656738281    0.017933616414666176    21.366100311279297    7.52330207824707
15115.9619140625    387.2633056640625    0.018978586420416832    21.40467071533203    7.39968204498291
15381.34765625    391.9360046386719    0.02009192667901516    21.447629928588867    7.313303470611572
15649.0400390625    396.9239807128906    0.021236184984445572    21.49789810180664    7.4340033531188965
15919.0400390625    402.140625    0.02248307876288891    21.547462463378906    7.539669990539551
16191.34765625    407.4378967285156    0.023816723376512527    21.595977783203125    7.5142059326171875
16465.9609375    412.795654296875    0.025210680440068245    21.64478302001953    7.520383834838867
16742.884765625    418.3201904296875    0.026765404269099236    21.699249267578125    7.563921928405762
17022.1171875    423.9970703125    0.02849508263170719    21.75470733642578    7.531745910644531
17303.65625    429.7473449707031    0.030305366963148117    21.807252883911133    7.476901054382324
17587.501953125    435.60345458984375    0.03225327283143997    21.858320236206055    7.458267688751221
17872.501953125    441.5773010253906    0.0342501699924469    21.907752990722656    7.455185890197754
18500    454.730202676748    0.038646833390138406    22.016591436023774    7.44840054783578
