1000.0324859619141    301.38401794433594    14.630967497825623
7.5    301.3841552734375    14.630858421325684    -11.500344276428223    -5.400954246520996
22.5    301.3846130371094    14.630452156066895    -11.379087448120117    -3.3493292331695557
37.5    301.38531494140625    14.62979507446289    -11.364344596862793    -2.0214128494262695
53.65380096435547    301.3865661621094    14.628664016723633    -11.444084167480469    -1.0994744300842285
72.11540222167969    301.3887939453125    14.626675605773926    -11.649637222290039    -0.6550971269607544
92.88459777832031    301.3918151855469    14.624042510986328    -11.970963478088379    -0.5509737730026245
115.96150207519531    301.39459228515625    14.621896743774414    -12.31648063659668    -0.5826708078384399
141.34620666503906    301.3968811035156    14.620052337646484    -12.600173950195312    -0.40126293897628784
169.0384979248047    301.3994140625    14.617743492126465    -12.771526336669922    0.19090554118156433
199.0384979248047    301.4022521972656    14.61484146118164    -12.671039581298828    1.1256139278411865
231.34620666503906    301.40704345703125    14.609342575073242    -12.181681632995605    2.2157998085021973
265.96160888671875    301.4131164550781    14.602433204650879    -11.49488353729248    3.4649643898010254
302.8846130371094    301.4167785644531    14.598862648010254    -10.915718078613281    4.9452409744262695
342.1153869628906    301.4202575683594    14.596283912658691    -10.965964317321777    5.641016006469727
383.6539001464844    301.4298095703125    14.58637523651123    -11.257109642028809    5.836185455322266
427.5    301.442138671875    14.572718620300293    -11.27304458618164    6.864617347717285
473.65380859375    301.45526123046875    14.558115005493164    -11.348949432373047    7.788476943969727
522.1154174804688    301.4775695800781    14.532058715820312    -11.251956939697266    8.459138870239258
572.8847045898438    301.5213317871094    14.479073524475098    -10.79898452758789    8.890244483947754
625.9616088867188    301.5838623046875    14.403203964233398    -10.304466247558594    9.218605041503906
681.34619140625    301.6361083984375    14.34034538269043    -10.077132225036621    9.518402099609375
739.0383911132812    301.6457214355469    14.330726623535156    -10.0626220703125    9.811043739318848
799.0383911132812    301.643310546875    14.336482048034668    -9.675884246826172    10.21377182006836
861.34619140625    301.62054443359375    14.367715835571289    -9.310619354248047    10.661725997924805
925.9616088867188    301.6012268066406    14.39336109161377    -8.789302825927734    10.810321807861328
992.8847045898438    301.630615234375    14.356673240661621    -7.961455345153809    10.607887268066406
1062.1156005859375    302.0906066894531    13.724349975585938    -5.372981071472168    10.265901565551758
1133.6539306640625    302.3721008300781    13.332085609436035    -4.601064682006836    9.600090980529785
1207.5001220703125    302.65045166015625    12.920814514160156    -3.8322901725769043    8.74774169921875
1283.65380859375    303.1365966796875    12.088432312011719    -2.912057876586914    8.076336860656738
1362.115478515625    303.58648681640625    11.293587684631348    -2.292613983154297    7.625947952270508
1442.884765625    303.88726806640625    10.7499361038208    -1.9954848289489746    7.362480163574219
1525.9617919921875    304.0796813964844    10.398804664611816    -1.7665804624557495    7.303093910217285
1611.34619140625    304.26513671875    10.084095001220703    -1.4611647129058838    7.35507869720459
1699.03857421875    304.5052490234375    9.699459075927734    -1.0799496173858643    7.401426792144775
1789.03857421875    304.76031494140625    9.301042556762695    -0.7273222208023071    7.4068803787231445
1881.34619140625    305.00982666015625    8.921305656433105    -0.40858545899391174    7.418983459472656
1975.9615478515625    305.2699279785156    8.539688110351562    -0.079762764275074    7.427764892578125
2072.884521484375    305.55029296875    8.143579483032227    0.26576751470565796    7.40842866897583
2172.115234375    305.8446960449219    7.748438835144043    0.6169416904449463    7.389946937561035
2273.654052734375    306.1344909667969    7.372788906097412    0.9824973940849304    7.422362327575684
2377.5    306.4286804199219    7.004566192626953    1.3555104732513428    7.473110198974609
2483.654052734375    306.74951171875    6.619332790374756    1.7413499355316162    7.492775917053223
2592.11572265625    307.077392578125    6.245518684387207    2.1353161334991455    7.483193397521973
2702.885009765625    307.40924072265625    5.899029731750488    2.5240488052368164    7.438225269317627
2815.961669921875    307.741943359375    5.576797962188721    2.8979458808898926    7.406681060791016
2931.346435546875    308.0595397949219    5.273570537567139    3.2643356323242188    7.449686050415039
3049.03857421875    308.3880310058594    4.974797248840332    3.6497673988342285    7.517108917236328
3169.038818359375    308.7377014160156    4.685597896575928    4.05702018737793    7.517282962799072
3291.34619140625    309.08746337890625    4.41231632232666    4.452800750732422    7.510735511779785
3415.961669921875    309.439208984375    4.135581970214844    4.842019557952881    7.538102149963379
3542.884765625    309.7926940917969    3.8624744415283203    5.235568523406982    7.57910680770874
3672.115234375    310.1478576660156    3.615169048309326    5.629990577697754    7.65010404586792
3803.654052734375    310.5121765136719    3.394423007965088    6.005182266235352    7.672764778137207
3937.50048828125    310.89324951171875    3.1772425174713135    6.377384185791016    7.663259983062744
4073.654296875    311.2768249511719    2.95318865776062    6.779179573059082    7.681628227233887
4212.115234375    311.6515808105469    2.7336082458496094    7.195823669433594    7.6924567222595215
4352.884765625    312.029541015625    2.5306406021118164    7.594647407531738    7.687927722930908
4495.96142578125    312.4361572265625    2.3477706909179688    7.976685523986816    7.717681407928467
4641.3466796875    312.8800354003906    2.17629075050354    8.364503860473633    7.70408296585083
4789.03857421875    313.3377990722656    2.0041322708129883    8.775711059570312    7.635347366333008
4939.03857421875    313.7455139160156    1.84522545337677    9.173236846923828    7.576864242553711
5091.34619140625    314.10528564453125    1.7060366868972778    9.52926254272461    7.528205871582031
5245.96142578125    314.47735595703125    1.5708478689193726    9.880071640014648    7.505283832550049
5402.884765625    314.88836669921875    1.4322030544281006    10.264747619628906    7.516912460327148
5562.11572265625    315.3169860839844    1.3043724298477173    10.654462814331055    7.518202304840088
5723.65478515625    315.77838134765625    1.191870927810669    11.036927223205566    7.459319591522217
5887.50048828125    316.2904357910156    1.0906418561935425    11.415047645568848    7.41707706451416
6053.654296875    316.7974548339844    0.9947031736373901    11.768285751342773    7.4552998542785645
6222.11572265625    317.2643737792969    0.8995898365974426    12.121881484985352    7.497227668762207
6392.88525390625    317.7211608886719    0.809149980545044    12.481670379638672    7.504978179931641
6565.96142578125    318.1876220703125    0.7252604961395264    12.84109115600586    7.529910087585449
6741.345703125    318.6650390625    0.6463689208030701    13.203803062438965    7.507695198059082
6919.03857421875    319.13250732421875    0.5755488872528076    13.552680969238281    7.42991828918457
7099.0390625    319.5939636230469    0.5149810910224915    13.875112533569336    7.391817092895508
7281.345703125    320.07122802734375    0.45908123254776    14.194257736206055    7.406461715698242
7465.96142578125    320.55908203125    0.4057220220565796    14.529346466064453    7.404869556427002
7652.884765625    321.02490234375    0.3586724102497101    14.844306945800781    7.39343786239624
7842.115234375    321.5100402832031    0.3180827796459198    15.13003921508789    7.425573348999023
8033.654296875    322.0697937011719    0.28157979249954224    15.420731544494629    7.509133338928223
8227.5    322.6805419921875    0.24671025574207306    15.72865104675293    7.564263343811035
8423.6533203125    323.2716979980469    0.21300919353961945    16.042930603027344    7.52659797668457
8622.1162109375    323.8180847167969    0.183623269200325    16.33611297607422    7.469210624694824
8822.8857421875    324.35772705078125    0.1581396460533142    16.609407424926758    7.473679065704346
9025.9619140625    324.9112854003906    0.13482771813869476    16.88654136657715    7.482706546783447
9231.345703125    325.44329833984375    0.11473559588193893    17.15637969970703    7.445179462432861
9439.0390625    325.9869384765625    0.09762758761644363    17.411693572998047    7.396582126617432
9649.0390625    326.55279541015625    0.0828246921300888    17.652740478515625    7.386239528656006
9861.34765625    327.13037109375    0.06984861195087433    17.88465118408203    7.4306230545043945
10075.9609375    327.697998046875    0.05844631791114807    18.112600326538086    7.470666408538818
10292.884765625    328.2529602050781    0.048499107360839844    18.334915161132812    7.475436210632324
10512.115234375    328.8541564941406    0.039832696318626404    18.557846069335938    7.482518196105957
10733.6552734375    329.48541259765625    0.032468631863594055    18.778091430664062    7.481809616088867
10957.5    330.0938415527344    0.026443593204021454    18.981266021728516    7.462580680847168
11183.654296875    330.6806640625    0.021440602838993073    19.165760040283203    7.464984893798828
11412.1162109375    331.302734375    0.017024453729391098    19.351032257080078    7.462539196014404
11642.884765625    332.0209045410156    0.013336211442947388    19.526386260986328    7.348921775817871
11875.9609375    333.0181579589844    0.011049829423427582    19.680809020996094    7.235889434814453
12111.34765625    334.9664306640625    0.010394873097538948    19.838048934936523    7.335014343261719
12349.0400390625    338.58648681640625    0.01059368159621954    20.008403778076172    7.466939926147461
12589.0400390625    342.79156494140625    0.011132440529763699    20.181499481201172    7.389735221862793
12831.3466796875    346.7842712402344    0.011755257844924927    20.34154510498047    7.284736633300781
13075.9609375    350.7032775878906    0.012348774820566177    20.49319839477539    7.334856986999512
13322.8857421875    354.76226806640625    0.012950644828379154    20.63656997680664    7.602309226989746
13572.1171875    359.1761169433594    0.013645573519170284    20.79961585998535    7.777288436889648
13823.65625    363.61297607421875    0.014379290863871574    20.961435317993164    7.704578876495361
14077.5009765625    367.92364501953125    0.015154902823269367    21.088764190673828    7.681273460388184
14333.65625    372.48101806640625    0.01600869558751583    21.206729888916016    7.6646728515625
14592.1171875    377.29730224609375    0.016919953748583794    21.318954467773438    7.639096260070801
14852.884765625    382.3323974609375    0.01790023036301136    21.40951156616211    7.643368244171143
15115.9619140625    387.1783142089844    0.01895805448293686    21.48486328125    7.478851318359375
15381.34765625    391.8456115722656    0.020067967474460602    21.547971725463867    7.271553039550781
15649.0400390625    396.7988586425781    0.02120489813387394    21.604719161987305    7.265336036682129
15919.0400390625    401.96795654296875    0.02244054712355137    21.673961639404297    7.371833324432373
16191.34765625    407.2684631347656    0.023772288113832474    21.744110107421875    7.482050895690918
16465.9609375    412.6986083984375    0.025179574266076088    21.806396484375    7.522534370422363
16742.884765625    418.22003173828125    0.026733187958598137    21.866310119628906    7.546950340270996
17022.1171875    423.8623962402344    0.028447216376662254    21.93014907836914    7.589437484741211
17303.65625    429.6422119140625    0.03026382066309452    21.99527359008789    7.586933612823486
17587.501953125    435.5388488769531    0.03222813457250595    22.057889938354492    7.562207221984863
17872.501953125    441.5508117675781    0.034239862114191055    22.115455627441406    7.557499408721924
18500    454.78763622986645    0.038669178265952626    22.242200741367906    7.547133992484918
