1000.0379791259766    301.4057807922363    14.601682782173157
7.5    301.4058837890625    14.60162353515625    -11.965595245361328    -3.566052198410034
22.5    301.4061584472656    14.60146713256836    -12.200088500976562    -1.384647250175476
37.5    301.4065246582031    14.6012601852417    -12.546096801757812    -0.3203161656856537
53.65380096435547    301.4070129394531    14.601057052612305    -12.900467872619629    0.33866047859191895
72.11540222167969    301.4074401855469    14.600903511047363    -13.150178909301758    1.0598573684692383
92.88459777832031    301.4078674316406    14.600712776184082    -13.28776741027832    2.0142815113067627
115.96150207519531    301.4084167480469    14.600214004516602    -13.33663558959961    3.110475778579712
141.34620666503906    301.4096374511719    14.598965644836426    -13.2711820602417    4.200011730194092
169.0384979248047    301.4119567871094    14.596482276916504    -12.96323013305664    5.1219987869262695
199.0384979248047    301.4153137207031    14.593019485473633    -12.263704299926758    5.764715671539307
231.34620666503906    301.4178771972656    14.590785026550293    -11.404251098632812    6.377791404724121
265.96160888671875    301.41937255859375    14.590169906616211    -10.918976783752441    7.288695335388184
302.8846130371094    301.42144775390625    14.589035034179688    -10.943168640136719    8.019943237304688
342.1153869628906    301.42388916015625    14.587698936462402    -11.213601112365723    8.381471633911133
383.6539001464844    301.4264221191406    14.586348533630371    -11.406038284301758    8.577788352966309
427.5    301.4300842285156    14.583625793457031    -11.415777206420898    8.767953872680664
473.65380859375    301.4374694824219    14.5759916305542    -11.109733581542969    9.079063415527344
522.1154174804688    301.4544372558594    14.556178092956543    -10.590629577636719    9.520696640014648
572.8847045898438    301.4894714355469    14.513662338256836    -10.166743278503418    9.98647689819336
625.9616088867188    301.5357666015625    14.457305908203125    -9.684759140014648    10.308558464050293
681.34619140625    301.59210205078125    14.389081001281738    -9.211108207702637    10.336824417114258
739.0383911132812    301.6297607421875    14.34330940246582    -8.922393798828125    10.113790512084961
799.0383911132812    301.67803955078125    14.280498504638672    -8.550636291503906    10.210969924926758
861.34619140625    301.789794921875    14.132034301757812    -8.045103073120117    10.409036636352539
925.9616088867188    301.9181823730469    13.962812423706055    -7.346504211425781    10.283015251159668
992.8847045898438    302.18994140625    13.566444396972656    -6.340062141418457    10.07662582397461
1062.1156005859375    302.4325256347656    13.202945709228516    -5.038759231567383    9.207220077514648
1133.6539306640625    302.7071228027344    12.788398742675781    -4.1968488693237305    8.691282272338867
1207.5001220703125    303.0494384765625    12.227337837219238    -3.448239326477051    8.176467895507812
1283.65380859375    303.5503845214844    11.37071418762207    -2.7950408458709717    7.682865142822266
1362.115478515625    303.8357238769531    10.840848922729492    -2.4638967514038086    7.569944858551025
1442.884765625    304.08416748046875    10.393011093139648    -2.101454734802246    7.538858413696289
1525.9617919921875    304.2858581542969    10.050681114196777    -1.7577428817749023    7.499562740325928
1611.34619140625    304.51678466796875    9.679409980773926    -1.4338152408599854    7.454191207885742
1699.03857421875    304.7557373046875    9.304166793823242    -1.1000971794128418    7.444429397583008
1789.03857421875    305.0025634765625    8.928511619567871    -0.7633962631225586    7.454947471618652
1881.34619140625    305.24566650390625    8.571223258972168    -0.4352802634239197    7.4481306076049805
1975.9615478515625    305.48876953125    8.226221084594727    -0.12823212146759033    7.398853302001953
2072.884521484375    305.7481994628906    7.8723530769348145    0.19039277732372284    7.4103498458862305
2172.115234375    306.0192565917969    7.51920223236084    0.5435196161270142    7.489006996154785
2273.654052734375    306.2980041503906    7.164409160614014    0.9298379421234131    7.5398101806640625
2377.5    306.5696716308594    6.831335544586182    1.3015729188919067    7.524015426635742
2483.654052734375    306.8502502441406    6.49994421005249    1.653907060623169    7.487896919250488
2592.11572265625    307.1533203125    6.1630353927612305    2.022858142852783    7.477861404418945
2702.885009765625    307.4705505371094    5.838278770446777    2.421344757080078    7.444708347320557
2815.961669921875    307.77105712890625    5.549044132232666    2.7931830883026123    7.386683464050293
2931.346435546875    308.05010986328125    5.281551837921143    3.1331186294555664    7.356319427490234
3049.03857421875    308.3439636230469    5.011197090148926    3.490111827850342    7.370003700256348
3169.038818359375    308.67041015625    4.7381272315979    3.8851749897003174    7.3930134773254395
3291.34619140625    309.0120544433594    4.471170425415039    4.291351318359375    7.422821521759033
3415.961669921875    309.3572082519531    4.200968265533447    4.691448211669922    7.463009357452393
3542.884765625    309.7084045410156    3.926199436187744    5.113956928253174    7.493346214294434
3672.115234375    310.05303955078125    3.6769800186157227    5.530142307281494    7.4888715744018555
3803.654052734375    310.41082763671875    3.453559398651123    5.915616989135742    7.50659704208374
3937.50048828125    310.7991027832031    3.2321691513061523    6.318551540374756    7.587522029876709
4073.654296875    311.1817321777344    3.0103919506073    6.732913494110107    7.675300598144531
4212.115234375    311.5664367675781    2.782780647277832    7.161481857299805    7.7537031173706055
4352.884765625    311.9633483886719    2.5642099380493164    7.594607353210449    7.7724785804748535
4495.96142578125    312.3793029785156    2.371469736099243    8.009099006652832    7.716601371765137
4641.3466796875    312.81463623046875    2.200660467147827    8.403608322143555    7.660884857177734
4789.03857421875    313.24493408203125    2.03967022895813    8.789037704467773    7.6251678466796875
4939.03857421875    313.6526794433594    1.881857991218567    9.17194938659668    7.60083532333374
5091.34619140625    314.05096435546875    1.7270022630691528    9.55331039428711    7.617160797119141
5245.96142578125    314.4562072753906    1.578772783279419    9.942087173461914    7.677023887634277
5402.884765625    314.87445068359375    1.4371371269226074    10.345884323120117    7.692626476287842
5562.11572265625    315.30450439453125    1.3084092140197754    10.741079330444336    7.644254684448242
5723.65478515625    315.7704162597656    1.194138526916504    11.117094039916992    7.571335792541504
5887.50048828125    316.2861022949219    1.0917034149169922    11.485309600830078    7.506222724914551
6053.654296875    316.8011169433594    0.9940345883369446    11.843778610229492    7.483301162719727
6222.11572265625    317.27349853515625    0.8976435661315918    12.201244354248047    7.506359100341797
6392.88525390625    317.7332763671875    0.8065668344497681    12.56169319152832    7.50736665725708
6565.96142578125    318.19744873046875    0.7234203815460205    12.914302825927734    7.476994514465332
6741.345703125    318.6597900390625    0.6473338007926941    13.253076553344727    7.473939895629883
6919.03857421875    319.12939453125    0.5761569738388062    13.604080200195312    7.500705718994141
7099.0390625    319.60821533203125    0.5132924914360046    13.9442138671875    7.51102352142334
7281.345703125    320.097412109375    0.4561103582382202    14.2625093460083    7.546468257904053
7465.96142578125    320.59735107421875    0.40158072113990784    14.595138549804688    7.585065841674805
7652.884765625    321.0943298339844    0.3524864614009857    14.92031478881836    7.567957878112793
7842.115234375    321.6334228515625    0.30960971117019653    15.224517822265625    7.525641918182373
8033.654296875    322.2288818359375    0.2722637951374054    15.512380599975586    7.507713317871094
8227.5    322.8238220214844    0.23843911290168762    15.78927230834961    7.533206939697266
8423.6533203125    323.3876647949219    0.20661592483520508    16.07036590576172    7.5610032081604
8622.1162109375    323.9368896484375    0.17782258987426758    16.35145378112793    7.550094127655029
8822.8857421875    324.48321533203125    0.1526193916797638    16.620290756225586    7.499006271362305
9025.9619140625    325.0113830566406    0.13082745671272278    16.876497268676758    7.432925224304199
9231.345703125    325.52166748046875    0.11209329962730408    17.115501403808594    7.394495010375977
9439.0390625    326.0591125488281    0.09561997652053833    17.342472076416016    7.399920463562012
9649.0390625    326.6363525390625    0.08085629343986511    17.577552795410156    7.425945281982422
9861.34765625    327.2198791503906    0.0679379403591156    17.81348419189453    7.438607692718506
10075.9609375    327.7856140136719    0.05673721805214882    18.0374755859375    7.439286231994629
10292.884765625    328.3401794433594    0.047134071588516235    18.252099990844727    7.410086631774902
10512.115234375    328.9117126464844    0.03909147158265114    18.45945167541504    7.329258918762207
10733.6552734375    329.48919677734375    0.0324198342859745    18.649883270263672    7.276904106140137
10957.5    330.0716552734375    0.026641767472028732    18.829559326171875    7.327754974365234
11183.654296875    330.6660461425781    0.021537132561206818    19.015846252441406    7.381992340087891
11412.1162109375    331.2626037597656    0.01728115975856781    19.198698043823242    7.355849266052246
11642.884765625    331.91864013671875    0.013775276951491833    19.369220733642578    7.35860538482666
11875.9609375    332.8870544433594    0.011220291256904602    19.53350257873535    7.454757213592529
12111.34765625    334.9217834472656    0.010404338128864765    19.709190368652344    7.571724891662598
12349.0400390625    338.5546875    0.01058922428637743    19.897808074951172    7.591242790222168
12589.0400390625    342.666015625    0.011114233173429966    20.075735092163086    7.54337215423584
12831.3466796875    346.73101806640625    0.01174607127904892    20.244247436523438    7.480253219604492
13075.9609375    350.816650390625    0.012365583330392838    20.407928466796875    7.401066780090332
13322.8857421875    354.9205627441406    0.012975056655704975    20.567554473876953    7.394931793212891
13572.1171875    359.0932312011719    0.013632579706609249    20.72511863708496    7.474326133728027
13823.65625    363.359375    0.014335625804960728    20.88167953491211    7.59568977355957
14077.5009765625    367.7485046386719    0.015122453682124615    21.050601959228516    7.705172538757324
14333.65625    372.3622741699219    0.015986569225788116    21.21375274658203    7.700910568237305
14592.1171875    377.1229248046875    0.016887804493308067    21.359907150268555    7.595391273498535
14852.884765625    381.98138427734375    0.01782671920955181    21.490489959716797    7.605917930603027
15115.9619140625    386.7967224121094    0.01887088268995285    21.623310089111328    7.662493705749512
15381.34765625    391.6412658691406    0.02001667208969593    21.75946044921875    7.595749855041504
15649.0400390625    396.75225830078125    0.021181253716349602    21.865806579589844    7.578441143035889
15919.0400390625    402.07098388671875    0.02244526706635952    21.920989990234375    7.630974292755127
16191.34765625    407.5479736328125    0.023818830028176308    21.92528533935547    7.609499931335449
16465.9609375    413.0231628417969    0.025247808545827866    21.903644561767578    7.515656471252441
16742.884765625    418.5313720703125    0.026810863986611366    21.885677337646484    7.445798873901367
17022.1171875    424.1393127441406    0.0285293348133564    21.88431167602539    7.387314796447754
17303.65625    429.8301696777344    0.03032746911048889    21.90116310119629    7.354583263397217
17587.501953125    435.65521240234375    0.0322667732834816    21.932647705078125    7.3375654220581055
17872.501953125    441.59625244140625    0.03425578027963638    21.973215103149414    7.3213396072387695
18500    454.676922690241    0.038635071526330556    22.062534271768833    7.285614459491089
