1000.0609130859375    301.37967681884766    14.633926630020142
7.5    301.3795166015625    14.634140014648438    -12.71500015258789    -6.896394729614258
22.5    301.3792419433594    14.634539604187012    -12.8277587890625    -5.294018268585205
37.5    301.3790283203125    14.634902954101562    -12.876002311706543    -4.191050052642822
53.65380096435547    301.3789367675781    14.63517951965332    -12.890127182006836    -3.2225277423858643
72.11540222167969    301.379150390625    14.635210037231445    -12.889734268188477    -2.2871322631835938
92.88459777832031    301.3799743652344    14.63455581665039    -12.897322654724121    -1.3805480003356934
115.96150207519531    301.3816223144531    14.632932662963867    -12.927606582641602    -0.4904037117958069
141.34620666503906    301.3845520019531    14.629812240600586    -12.953727722167969    0.5146331787109375
169.0384979248047    301.3882141113281    14.625884056091309    -12.90185260772705    1.574336051940918
199.0384979248047    301.3926086425781    14.62126636505127    -12.637627601623535    2.4754581451416016
231.34620666503906    301.39971923828125    14.613450050354004    -11.931787490844727    3.1836187839508057
265.96160888671875    301.41693115234375    14.592843055725098    -11.121335983276367    4.363511085510254
302.8846130371094    301.4336242675781    14.573022842407227    -11.066741943359375    5.2566118240356445
342.1153869628906    301.4409484863281    14.56554126739502    -11.133184432983398    5.905338287353516
383.6539001464844    301.4424133300781    14.565505981445312    -11.280498504638672    6.648670196533203
427.5    301.44366455078125    14.56590461730957    -11.464725494384766    7.364946365356445
473.65380859375    301.4476318359375    14.562861442565918    -11.127687454223633    8.191970825195312
522.1154174804688    301.4591369628906    14.550178527832031    -10.465965270996094    9.065919876098633
572.8847045898438    301.4937438964844    14.508034706115723    -9.827007293701172    9.473260879516602
625.9616088867188    301.5767822265625    14.402276039123535    -9.105956077575684    9.539905548095703
681.34619140625    301.68646240234375    14.259921073913574    -7.923235893249512    9.489832878112793
739.0383911132812    301.7267761230469    14.208829879760742    -7.005869388580322    9.522577285766602
799.0383911132812    301.7572021484375    14.170103073120117    -6.599498748779297    9.73333740234375
861.34619140625    301.7886047363281    14.131417274475098    -6.393172264099121    9.73979663848877
925.9616088867188    301.84014892578125    14.064642906188965    -6.250908851623535    9.619643211364746
992.8847045898438    301.90350341796875    13.981460571289062    -6.224758148193359    9.363479614257812
1062.1156005859375    301.9896545410156    13.868322372436523    -6.192268371582031    9.201597213745117
1133.6539306640625    302.19091796875    13.587693214416504    -5.461326599121094    9.028486251831055
1207.5001220703125    302.3951110839844    13.28298568725586    -4.45974063873291    8.81218433380127
1283.65380859375    302.7406005859375    12.759521484375    -3.5266246795654297    8.46419906616211
1362.115478515625    303.3572998046875    11.724687576293945    -2.4934258460998535    7.952746391296387
1442.884765625    303.7666015625    10.980513572692871    -2.117278575897217    7.647661209106445
1525.9617919921875    303.99676513671875    10.546391487121582    -1.8287943601608276    7.646339416503906
1611.34619140625    304.2450256347656    10.120052337646484    -1.446425437927246    7.658755779266357
1699.03857421875    304.4995422363281    9.709338188171387    -1.0937855243682861    7.61580753326416
1789.03857421875    304.7313537597656    9.345430374145508    -0.7995264530181885    7.605044841766357
1881.34619140625    305.0033264160156    8.931849479675293    -0.4655052423477173    7.664867877960205
1975.9615478515625    305.3129577636719    8.479124069213867    -0.08413822948932648    7.675008773803711
2072.884521484375    305.61328125    8.056540489196777    0.2938976585865021    7.636117458343506
2172.115234375    305.9017028808594    7.673058032989502    0.6500018835067749    7.603961944580078
2273.654052734375    306.1889953613281    7.302924633026123    1.012371301651001    7.608362674713135
2377.5    306.48968505859375    6.929522514343262    1.3940967321395874    7.647102355957031
2483.654052734375    306.7903137207031    6.570523262023926    1.766270637512207    7.660058975219727
2592.11572265625    307.12017822265625    6.19805908203125    2.1436264514923096    7.623851776123047
2702.885009765625    307.4617919921875    5.846095561981201    2.545930862426758    7.587527751922607
2815.961669921875    307.7796936035156    5.542585849761963    2.9173762798309326    7.547151565551758
2931.346435546875    308.0916442871094    5.243227958679199    3.281968593597412    7.562983512878418
3049.03857421875    308.44464111328125    4.924084663391113    3.6804771423339844    7.569051265716553
3169.038818359375    308.81768798828125    4.621915817260742    4.098427772521973    7.50013542175293
3291.34619140625    309.1597595214844    4.356530666351318    4.484795093536377    7.417074680328369
3415.961669921875    309.4701843261719    4.111859321594238    4.836116790771484    7.411217212677002
3542.884765625    309.78253173828125    3.869969606399536    5.194826126098633    7.487819671630859
3672.115234375    310.13006591796875    3.6268951892852783    5.581167221069336    7.541861534118652
3803.654052734375    310.5223388671875    3.3887929916381836    5.99800968170166    7.490822792053223
3937.50048828125    310.9200744628906    3.162320852279663    6.420164108276367    7.382636070251465
4073.654296875    311.2722473144531    2.9569599628448486    6.797380447387695    7.365962982177734
4212.115234375    311.62457275390625    2.7495276927948    7.172309875488281    7.457339286804199
4352.884765625    312.0189208984375    2.536195993423462    7.581874847412109    7.537215232849121
4495.96142578125    312.44659423828125    2.3431813716888428    8.001255989074707    7.563555717468262
4641.3466796875    312.8847961425781    2.1745657920837402    8.40269660949707    7.527501106262207
4789.03857421875    313.32330322265625    2.0098628997802734    8.798582077026367    7.463456153869629
4939.03857421875    313.7437744140625    1.8455742597579956    9.198081970214844    7.435938358306885
5091.34619140625    314.1482849121094    1.6894605159759521    9.597623825073242    7.422883033752441
5245.96142578125    314.5408630371094    1.5487680435180664    9.984044075012207    7.406646728515625
5402.884765625    314.92425537109375    1.4210827350616455    10.349954605102539    7.417308330535889
5562.11572265625    315.3250427246094    1.3021504878997803    10.707505226135254    7.478970527648926
5723.65478515625    315.8009338378906    1.1869677305221558    11.084198951721191    7.524467468261719
5887.50048828125    316.3612976074219    1.077516794204712    11.490516662597656    7.48576545715332
6053.654296875    316.88580322265625    0.9777757525444031    11.864936828613281    7.403781890869141
6222.11572265625    317.33416748046875    0.8851696848869324    12.212831497192383    7.352117538452148
6392.88525390625    317.7752990722656    0.7985699772834778    12.565277099609375    7.32682466506958
6565.96142578125    318.2118835449219    0.7209386825561523    12.900226593017578    7.365639686584473
6741.345703125    318.65045166015625    0.6489240527153015    13.219399452209473    7.47598934173584
6919.03857421875    319.1064147949219    0.5795925259590149    13.552885055541992    7.538150787353516
7099.0390625    319.5958251953125    0.5149840712547302    13.901037216186523    7.497186660766602
7281.345703125    320.08648681640625    0.4572994112968445    14.231042861938477    7.416003227233887
7465.96142578125    320.54791259765625    0.40674784779548645    14.538348197937012    7.38914680480957
7652.884765625    321.0077209472656    0.36023640632629395    14.845439910888672    7.437421798706055
7842.115234375    321.5324401855469    0.3166259825229645    15.166168212890625    7.468776702880859
8033.654296875    322.1463317871094    0.2771376371383667    15.484527587890625    7.453433990478516
8227.5    322.7592468261719    0.24216918647289276    15.782689094543457    7.4733686447143555
8423.6533203125    323.31402587890625    0.2106519192457199    16.07033920288086    7.524036407470703
8622.1162109375    323.8585205078125    0.1816871613264084    16.352954864501953    7.523676872253418
8822.8857421875    324.40887451171875    0.15588942170143127    16.62493133544922    7.487997055053711
9025.9619140625    324.9402160644531    0.1336553990840912    16.882850646972656    7.470211505889893
9231.345703125    325.4606628417969    0.11417730152606964    17.137290954589844    7.489346981048584
9439.0390625    326.0055236816406    0.09709582477807999    17.38813018798828    7.478939056396484
9649.0390625    326.5686950683594    0.08244875073432922    17.621841430664062    7.458091735839844
9861.34765625    327.1519470214844    0.06939208507537842    17.8502197265625    7.483560562133789
10075.9609375    327.730224609375    0.057815831154584885    18.08072280883789    7.495826721191406
10292.884765625    328.2815246582031    0.048033323138952255    18.301048278808594    7.467991352081299
10512.115234375    328.852783203125    0.03983956202864647    18.512569427490234    7.490870475769043
10733.6552734375    329.4532775878906    0.032815005630254745    18.726600646972656    7.516962051391602
10957.5    330.05169677734375    0.026822621002793312    18.930660247802734    7.500700950622559
11183.654296875    330.64556884765625    0.021714279428124428    19.116506576538086    7.484213829040527
11412.1162109375    331.2567443847656    0.017329372465610504    19.30303192138672    7.44822883605957
11642.884765625    331.9432373046875    0.013664727099239826    19.477508544921875    7.423141956329346
11875.9609375    332.99481201171875    0.011086992919445038    19.649642944335938    7.410445213317871
12111.34765625    335.0588073730469    0.010374336503446102    19.81890106201172    7.320126056671143
12349.0400390625    338.493408203125    0.010576318949460983    19.975353240966797    7.363163471221924
12589.0400390625    342.6081848144531    0.011107031255960464    20.14264678955078    7.516693592071533
12831.3466796875    346.7013244628906    0.011742400005459785    20.32129669189453    7.535514831542969
13075.9609375    350.71466064453125    0.012350081466138363    20.492385864257812    7.574650764465332
13322.8857421875    354.94061279296875    0.012978591956198215    20.659149169921875    7.567446708679199
13572.1171875    359.2298278808594    0.013653856702148914    20.810184478759766    7.472762584686279
13823.65625    363.4785461425781    0.014356613159179688    20.961536407470703    7.501772880554199
14077.5009765625    367.77349853515625    0.015126829035580158    21.12394142150879    7.622149467468262
14333.65625    372.2762756347656    0.01597004011273384    21.271846771240234    7.766490459442139
14592.1171875    377.1752624511719    0.016897009685635567    21.426149368286133    7.7263994216918945
14852.884765625    382.1976013183594    0.01787116564810276    21.55669593811035    7.605206489562988
15115.9619140625    386.9663391113281    0.018908856436610222    21.645809173583984    7.613063335418701
15381.34765625    391.8121643066406    0.02005913108587265    21.738147735595703    7.574824333190918
15649.0400390625    396.990966796875    0.0212381761521101    21.809246063232422    7.5553789138793945
15919.0400390625    402.21575927734375    0.022486364468932152    21.8282470703125    7.604034423828125
16191.34765625    407.53131103515625    0.02381955087184906    21.819908142089844    7.568423271179199
16465.9609375    412.92340087890625    0.02522468753159046    21.808788299560547    7.466710567474365
16742.884765625    418.41351318359375    0.026770643889904022    21.80228042602539    7.435696601867676
17022.1171875    424.06494140625    0.028490398079156876    21.806791305541992    7.415053367614746
17303.65625    429.8144226074219    0.030301757156848907    21.820858001708984    7.378265380859375
17587.501953125    435.66607666015625    0.032254889607429504    21.84419822692871    7.344972610473633
17872.501953125    441.6025390625    0.03425217047333717    21.878175735473633    7.32846736907959
18500    454.67313051098273    0.03864967869234725    21.952985631086325    7.292126994560424
