1000.0458145141602    301.4020004272461    14.60645306110382
7.5    301.4021911621094    14.60623836517334    -12.99327278137207    -5.219996452331543
22.5    301.4026184082031    14.605762481689453    -13.149507522583008    -3.1621532440185547
37.5    301.4031066894531    14.605224609375    -13.208480834960938    -1.722032070159912
53.65380096435547    301.40374755859375    14.604616165161133    -13.219237327575684    -0.43257731199264526
72.11540222167969    301.4045104980469    14.60395622253418    -13.181436538696289    0.8153735995292664
92.88459777832031    301.4053649902344    14.603323936462402    -13.092918395996094    1.9766327142715454
115.96150207519531    301.4062805175781    14.60275936126709    -12.963784217834473    2.9676902294158936
141.34620666503906    301.40728759765625    14.602287292480469    -12.813472747802734    3.789863109588623
169.0384979248047    301.4084167480469    14.601836204528809    -12.701610565185547    4.489809036254883
199.0384979248047    301.4096984863281    14.601266860961914    -12.650423049926758    5.249290466308594
231.34620666503906    301.4109191894531    14.600589752197266    -12.556058883666992    6.369631767272949
265.96160888671875    301.41253662109375    14.599281311035156    -12.452873229980469    7.836015224456787
302.8846130371094    301.4140625    14.598788261413574    -12.24321460723877    8.576857566833496
342.1153869628906    301.4140319824219    14.600343704223633    -11.911661148071289    8.395524978637695
383.6539001464844    301.4140625    14.60268497467041    -11.719657897949219    7.859502792358398
427.5    301.4146728515625    14.60375690460205    -11.496517181396484    7.031026840209961
473.65380859375    301.4183044433594    14.600862503051758    -11.201000213623047    6.3783111572265625
522.1154174804688    301.425048828125    14.594722747802734    -11.294570922851562    6.5904998779296875
572.8847045898438    301.4335021972656    14.58572006225586    -11.663566589355469    8.075493812561035
625.9616088867188    301.451416015625    14.564133644104004    -11.884109497070312    9.22651481628418
681.34619140625    301.51239013671875    14.485713958740234    -11.50216293334961    10.103191375732422
739.0383911132812    301.5941162109375    14.380990982055664    -10.672187805175781    10.360116958618164
799.0383911132812    301.6016845703125    14.377659797668457    -9.642904281616211    10.757957458496094
861.34619140625    301.6025390625    14.379993438720703    -8.914552688598633    10.692557334899902
925.9616088867188    301.612060546875    14.368844032287598    -8.679625511169434    9.985780715942383
992.8847045898438    301.6416931152344    14.333200454711914    -8.106525421142578    9.482665061950684
1062.1156005859375    301.6770935058594    14.287469863891602    -6.7965803146362305    9.071442604064941
1133.6539306640625    301.9131164550781    13.976011276245117    -5.239433288574219    9.022918701171875
1207.5001220703125    302.5878601074219    12.983148574829102    -3.578463554382324    8.428903579711914
1283.65380859375    303.09149169921875    12.188426971435547    -2.8066282272338867    7.609258651733398
1362.115478515625    303.5055236816406    11.464530944824219    -2.3593978881835938    7.427716255187988
1442.884765625    303.8432312011719    10.837048530578613    -2.033580780029297    7.333141803741455
1525.9617919921875    304.0871887207031    10.386746406555176    -1.7483792304992676    7.287785530090332
1611.34619140625    304.2908935546875    10.040700912475586    -1.4626492261886597    7.288147926330566
1699.03857421875    304.4959411621094    9.714314460754395    -1.1705117225646973    7.322077751159668
1789.03857421875    304.7215576171875    9.362242698669434    -0.8529459238052368    7.3948564529418945
1881.34619140625    304.9881591796875    8.955389022827148    -0.488896906375885    7.481372833251953
1975.9615478515625    305.2843933105469    8.519744873046875    -0.08680415153503418    7.570747375488281
2072.884521484375    305.5843505859375    8.095726013183594    0.3215855360031128    7.626262664794922
2172.115234375    305.9019775390625    7.672365665435791    0.7422370910644531    7.651060104370117
2273.654052734375    306.21881103515625    7.264763832092285    1.1566505432128906    7.708080291748047
2377.5    306.5235595703125    6.887493133544922    1.5314302444458008    7.735678672790527
2483.654052734375    306.8393249511719    6.513898849487305    1.9116737842559814    7.689244270324707
2592.11572265625    307.14801025390625    6.167923450469971    2.2880754470825195    7.634448528289795
2702.885009765625    307.4478759765625    5.859895706176758    2.6354246139526367    7.603493690490723
2815.961669921875    307.7654113769531    5.55579137802124    2.9942617416381836    7.6148481369018555
2931.346435546875    308.0902404785156    5.245809078216553    3.374959707260132    7.599015235900879
3049.03857421875    308.4142150878906    4.951010704040527    3.7600927352905273    7.521456718444824
3169.038818359375    308.73974609375    4.683055400848389    4.139969348907471    7.442493438720703
3291.34619140625    309.07440185546875    4.42268180847168    4.516244411468506    7.414758682250977
3415.961669921875    309.42169189453125    4.1502299308776855    4.899903774261475    7.469104766845703
3542.884765625    309.7609558105469    3.8864426612854004    5.281573295593262    7.553075790405273
3672.115234375    310.10430908203125    3.6430399417877197    5.672423362731934    7.584658622741699
3803.654052734375    310.47601318359375    3.4151222705841064    6.077279567718506    7.522426605224609
3937.50048828125    310.8553771972656    3.2000179290771484    6.46788215637207    7.476946830749512
4073.654296875    311.2237548828125    2.985882043838501    6.848296165466309    7.536202430725098
4212.115234375    311.60113525390625    2.7630672454833984    7.255038261413574    7.580026149749756
4352.884765625    311.9913635253906    2.5489869117736816    7.668819427490234    7.582659721374512
4495.96142578125    312.40704345703125    2.3591976165771484    8.070924758911133    7.611583232879639
4641.3466796875    312.84716796875    2.1891443729400635    8.470993041992188    7.580029010772705
4789.03857421875    313.2821350097656    2.0259549617767334    8.859781265258789    7.473078727722168
4939.03857421875    313.6878967285156    1.867775321006775    9.23484992980957    7.406976699829102
5091.34619140625    314.0783996582031    1.716184139251709    9.618175506591797    7.399905681610107
5245.96142578125    314.4656066894531    1.575255274772644    9.995707511901855    7.414848327636719
5402.884765625    314.86785888671875    1.4390316009521484    10.363271713256836    7.483071327209473
5562.11572265625    315.3019104003906    1.3085732460021973    10.745076179504395    7.597434043884277
5723.65478515625    315.8056640625    1.1863785982131958    11.150016784667969    7.561607837677002
5887.50048828125    316.3695373535156    1.0757908821105957    11.550979614257812    7.440217018127441
6053.654296875    316.8930969238281    0.9757955074310303    11.91219711303711    7.365363121032715
6222.11572265625    317.3426208496094    0.8835870027542114    12.256913185119629    7.338146209716797
6392.88525390625    317.78009033203125    0.797961413860321    12.593547821044922    7.354154586791992
6565.96142578125    318.2433776855469    0.7157340049743652    12.93108081817627    7.434896469116211
6741.345703125    318.7210693359375    0.6377358436584473    13.277811050415039    7.4769392013549805
6919.03857421875    319.1834411621094    0.5686392188072205    13.618358612060547    7.411735534667969
7099.0390625    319.6321716308594    0.5103767514228821    13.92753791809082    7.330721855163574
7281.345703125    320.0827331542969    0.45776164531707764    14.218280792236328    7.35554313659668
7465.96142578125    320.54974365234375    0.40660735964775085    14.524530410766602    7.445900917053223
7652.884765625    321.034912109375    0.3579288423061371    14.847658157348633    7.496298789978027
7842.115234375    321.5635070800781    0.3145306408405304    15.16550064086914    7.480566024780273
8033.654296875    322.14935302734375    0.27688494324684143    15.461394309997559    7.43580436706543
8227.5    322.7559814453125    0.24226897954940796    15.74891471862793    7.438817024230957
8423.6533203125    323.33111572265625    0.20969544351100922    16.039276123046875    7.4729084968566895
8622.1162109375    323.8695068359375    0.1810878962278366    16.31403350830078    7.488377571105957
8822.8857421875    324.4002380371094    0.1562444120645523    16.572689056396484    7.503278732299805
9025.9619140625    324.9385681152344    0.13371630012989044    16.835336685180664    7.507085800170898
9231.345703125    325.4723815917969    0.11378000676631927    17.09893035888672    7.475767135620117
9439.0390625    326.0129699707031    0.09689672291278839    17.33951187133789    7.456477165222168
9649.0390625    326.5781555175781    0.0822303518652916    17.565982818603516    7.4667744636535645
9861.34765625    327.1565246582031    0.06927820295095444    17.793354034423828    7.449164390563965
10075.9609375    327.71295166015625    0.0581309050321579    18.015148162841797    7.452746391296387
10292.884765625    328.26690673828125    0.0482858382165432    18.233591079711914    7.497791290283203
10512.115234375    328.86474609375    0.03970751911401749    18.45291519165039    7.5119171142578125
10733.6552734375    329.4820861816406    0.03250327333807945    18.668701171875    7.518484592437744
10957.5    330.0865478515625    0.026504425331950188    18.867212295532227    7.522358417510986
11183.654296875    330.6719665527344    0.02149861305952072    19.05169677734375    7.488077640533447
11412.1162109375    331.2687072753906    0.017246274277567863    19.227310180664062    7.471405982971191
11642.884765625    331.9853820800781    0.013507801108062267    19.40637969970703    7.474462509155273
11875.9609375    333.054931640625    0.011009392328560352    19.579200744628906    7.352783679962158
12111.34765625    335.0390625    0.010389357805252075    19.723648071289062    7.285470008850098
12349.0400390625    338.546142578125    0.01058498676866293    19.86937713623047    7.424142837524414
12589.0400390625    342.67706298828125    0.011115794070065022    20.03138542175293    7.480289459228516
12831.3466796875    346.69482421875    0.01174166239798069    20.192264556884766    7.509988784790039
13075.9609375    350.8017272949219    0.012362661771476269    20.35733985900879    7.564212322235107
13322.8857421875    354.9555358886719    0.012980816885828972    20.513851165771484    7.471020698547363
13572.1171875    359.1716003417969    0.013644233345985413    20.657428741455078    7.402790069580078
13823.65625    363.4281005859375    0.014347671531140804    20.818166732788086    7.4377641677856445
14077.5009765625    367.6694030761719    0.015107796527445316    20.977262496948242    7.617569923400879
14333.65625    372.2367248535156    0.015962723642587662    21.151229858398438    7.751787185668945
14592.1171875    377.02728271484375    0.01686978153884411    21.330812454223633    7.614535331726074
14852.884765625    381.9136962890625    0.01781364716589451    21.473865509033203    7.5703840255737305
15115.9619140625    386.8067626953125    0.0188724547624588    21.60499382019043    7.655010223388672
15381.34765625    391.6514587402344    0.020022062584757805    21.74271011352539    7.566714286804199
15649.0400390625    396.72686767578125    0.021177135407924652    21.851242065429688    7.520289421081543
15919.0400390625    402.0477294921875    0.022439759224653244    21.915027618408203    7.59816837310791
16191.34765625    407.406494140625    0.023788541555404663    21.942729949951172    7.5575761795043945
16465.9609375    412.7650146484375    0.02517589181661606    21.947978973388672    7.527414321899414
16742.884765625    418.2970886230469    0.026729151606559753    21.955394744873047    7.5261549949646
17022.1171875    423.9678955078125    0.028452321887016296    21.971378326416016    7.483216285705566
17303.65625    429.74053955078125    0.03027154505252838    21.992897033691406    7.426507949829102
17587.501953125    435.6080322265625    0.03223128989338875    22.020938873291016    7.388217926025391
17872.501953125    441.57525634765625    0.034239888191223145    22.058380126953125    7.377625465393066
18500    454.7135773345044    0.038662314538056596    22.14081631483216    7.354303541328562
