1000.0484466552734    301.43962478637695    14.561811208724976
7.5    301.4394836425781    14.561910629272461    -12.42387580871582    -2.3055779933929443
22.5    301.43927001953125    14.562056541442871    -12.528863906860352    0.41674095392227173
37.5    301.43914794921875    14.562131881713867    -12.561393737792969    1.9661474227905273
53.65380096435547    301.43914794921875    14.562232971191406    -12.45284652709961    2.885723829269409
72.11540222167969    301.4396057128906    14.562273025512695    -12.28292465209961    3.31480073928833
92.88459777832031    301.44036865234375    14.562195777893066    -12.172884941101074    3.5341174602508545
115.96150207519531    301.44085693359375    14.562602996826172    -12.056325912475586    3.818103313446045
141.34620666503906    301.44091796875    14.5636568069458    -11.931732177734375    4.4274492263793945
169.0384979248047    301.4431457519531    14.562010765075684    -12.133649826049805    5.16941499710083
199.0384979248047    301.4516296386719    14.552200317382812    -12.45249080657959    5.983197212219238
231.34620666503906    301.4767761230469    14.520336151123047    -12.178192138671875    6.727777481079102
265.96160888671875    301.5133056640625    14.473379135131836    -11.443071365356445    7.243601322174072
302.8846130371094    301.5422058105469    14.436975479125977    -10.955863952636719    7.68108606338501
342.1153869628906    301.55255126953125    14.425148010253906    -10.992912292480469    8.019560813903809
383.6539001464844    301.5550537109375    14.423666954040527    -11.299392700195312    8.296527862548828
427.5    301.5553894042969    14.42530345916748    -11.747770309448242    8.637737274169922
473.65380859375    301.555419921875    14.427311897277832    -12.01528263092041    8.978431701660156
522.1154174804688    301.5603332519531    14.423212051391602    -11.743608474731445    9.145822525024414
572.8847045898438    301.5722351074219    14.410367965698242    -11.13244915008545    9.139325141906738
625.9616088867188    301.59210205078125    14.38740062713623    -10.43291187286377    9.229564666748047
681.34619140625    301.6264953613281    14.345133781433105    -9.739433288574219    9.099620819091797
739.0383911132812    301.68243408203125    14.2736234664917    -8.820755004882812    8.822410583496094
799.0383911132812    301.73748779296875    14.203397750854492    -7.87191104888916    9.418136596679688
861.34619140625    301.8076171875    14.113469123840332    -7.119851112365723    9.93532657623291
925.9616088867188    301.8545837402344    14.053464889526367    -6.645383358001709    9.872688293457031
992.8847045898438    301.9537353515625    13.927042961120605    -6.255313873291016    9.681421279907227
1062.1156005859375    302.1829528808594    13.620095252990723    -5.533267021179199    9.260252952575684
1133.6539306640625    302.5057373046875    13.141643524169922    -4.294064998626709    8.62693977355957
1207.5001220703125    303.03265380859375    12.282997131347656    -3.5144011974334717    8.156660079956055
1283.65380859375    303.4935302734375    11.486401557922363    -2.786266565322876    7.704502105712891
1362.115478515625    303.8328552246094    10.854599952697754    -2.368542194366455    7.47248649597168
1442.884765625    304.0532531738281    10.444807052612305    -2.038656711578369    7.416316986083984
1525.9617919921875    304.25244140625    10.102733612060547    -1.7516319751739502    7.390202522277832
1611.34619140625    304.46221923828125    9.766687393188477    -1.4785966873168945    7.386205196380615
1699.03857421875    304.6988525390625    9.394259452819824    -1.1711182594299316    7.395174980163574
1789.03857421875    304.93798828125    9.027859687805176    -0.8621160984039307    7.439566612243652
1881.34619140625    305.19659423828125    8.643732070922852    -0.5426536202430725    7.548227787017822
1975.9615478515625    305.4840393066406    8.233267784118652    -0.17685188353061676    7.659365177154541
2072.884521484375    305.8013916015625    7.802753925323486    0.22121867537498474    7.67933988571167
2172.115234375    306.1051330566406    7.408657073974609    0.6019982099533081    7.652980804443359
2273.654052734375    306.376708984375    7.065962791442871    0.9457191824913025    7.646292686462402
2377.5    306.654541015625    6.728907108306885    1.2971622943878174    7.632664680480957
2483.654052734375    306.9313659667969    6.406702995300293    1.6395623683929443    7.592073917388916
2592.11572265625    307.1964111328125    6.115577697753906    1.9613924026489258    7.564048767089844
2702.885009765625    307.47601318359375    5.8341450691223145    2.2819087505340576    7.558065414428711
2815.961669921875    307.7905578613281    5.5337090492248535    2.6488986015319824    7.576457977294922
2931.346435546875    308.1105041503906    5.226528644561768    3.050751209259033    7.609565734863281
3049.03857421875    308.43878173828125    4.928873538970947    3.4509239196777344    7.605055809020996
3169.038818359375    308.7860412597656    4.646800994873047    3.8548340797424316    7.567004203796387
3291.34619140625    309.1271057128906    4.383074760437012    4.242912292480469    7.506948947906494
3415.961669921875    309.4437561035156    4.134055137634277    4.604655742645264    7.506277084350586
3542.884765625    309.7523193359375    3.892402410507202    4.9744873046875    7.5728864669799805
3672.115234375    310.0996398925781    3.644890308380127    5.371338844299316    7.578819274902344
3803.654052734375    310.4874267578125    3.408161163330078    5.781961441040039    7.550830841064453
3937.50048828125    310.8753356933594    3.188864231109619    6.184262275695801    7.543015480041504
4073.654296875    311.2563781738281    2.9668843746185303    6.598994255065918    7.550122261047363
4212.115234375    311.63006591796875    2.745997428894043    7.021203994750977    7.532398223876953
4352.884765625    311.997314453125    2.5456974506378174    7.4185991287231445    7.432602882385254
4495.96142578125    312.3775634765625    2.371150255203247    7.7872233390808105    7.333257675170898
4641.3466796875    312.78826904296875    2.210642099380493    8.155296325683594    7.3320159912109375
4789.03857421875    313.2166748046875    2.0504653453826904    8.54869556427002    7.410926818847656
4939.03857421875    313.61871337890625    1.8949670791625977    8.940082550048828    7.5015692710876465
5091.34619140625    314.0071105957031    1.7434518337249756    9.329675674438477    7.545416355133057
5245.96142578125    314.4088439941406    1.5953205823898315    9.73366928100586    7.565792083740234
5402.884765625    314.8271789550781    1.4523062705993652    10.14767074584961    7.571780681610107
5562.11572265625    315.25396728515625    1.3219799995422363    10.550647735595703    7.5602827072143555
5723.65478515625    315.7060852050781    1.2080578804016113    10.927542686462402    7.558723449707031
5887.50048828125    316.2296142578125    1.1022652387619019    11.315299987792969    7.574054718017578
6053.654296875    316.7737121582031    0.9992965459823608    11.709784507751465    7.559577465057373
6222.11572265625    317.24884033203125    0.9031037092208862    12.084760665893555    7.52174186706543
6392.88525390625    317.6850891113281    0.8160297274589539    12.441583633422852    7.497358322143555
6565.96142578125    318.1300354003906    0.7351728677749634    12.792425155639648    7.492043495178223
6741.345703125    318.58087158203125    0.6600744128227234    13.141777038574219    7.477972030639648
6919.03857421875    319.02325439453125    0.5913306474685669    13.485811233520508    7.452998161315918
7099.0390625    319.49884033203125    0.5269018411636353    13.833822250366211    7.495671272277832
7281.345703125    320.0195617675781    0.465032696723938    14.194330215454102    7.573423385620117
7465.96142578125    320.5282897949219    0.40908917784690857    14.551527976989746    7.546597480773926
7652.884765625    321.0057067871094    0.36044740676879883    14.879426002502441    7.461311340332031
7842.115234375    321.517578125    0.31763413548469543    15.184587478637695    7.405300140380859
8033.654296875    322.09954833984375    0.27982714772224426    15.482686996459961    7.390021800994873
8227.5    322.7012939453125    0.2454003244638443    15.779855728149414    7.407418251037598
8423.6533203125    323.2619934082031    0.21360287070274353    16.077640533447266    7.435413360595703
8622.1162109375    323.8016357421875    0.18460674583911896    16.367801666259766    7.432641983032227
8822.8857421875    324.341552734375    0.1588730812072754    16.646133422851562    7.400799751281738
9025.9619140625    324.86663818359375    0.1366070955991745    16.908409118652344    7.433185577392578
9231.345703125    325.3894958496094    0.11666496843099594    17.172077178955078    7.504075050354004
9439.0390625    325.94635009765625    0.09881892055273056    17.43935203552246    7.531507968902588
9649.0390625    326.5281677246094    0.0834261029958725    17.700132369995117    7.507201671600342
9861.34765625    327.1048889160156    0.07038076967000961    17.94532012939453    7.476176738739014
10075.9609375    327.66912841796875    0.05899195000529289    18.179641723632812    7.478950500488281
10292.884765625    328.2181701660156    0.049071505665779114    18.410720825195312    7.478821754455566
10512.115234375    328.7870178222656    0.040700338780879974    18.630828857421875    7.469637870788574
10733.6552734375    329.39453125    0.03344709426164627    18.844003677368164    7.470499038696289
10957.5    330.01690673828125    0.027144838124513626    19.051246643066406    7.4580583572387695
11183.654296875    330.6149597167969    0.02194124087691307    19.25249481201172    7.430083751678467
11412.1162109375    331.198486328125    0.017686963081359863    19.436880111694336    7.454146862030029
11642.884765625    331.8536071777344    0.014054384082555771    19.602317810058594    7.5510029792785645
11875.9609375    332.8434753417969    0.011301878839731216    19.771888732910156    7.714301109313965
12111.34765625    334.9418029785156    0.010405097156763077    19.968563079833984    7.807124137878418
12349.0400390625    338.6546630859375    0.010595103725790977    20.173282623291016    7.6997480392456055
12589.0400390625    342.8050842285156    0.011134857311844826    20.34222412109375    7.594722747802734
12831.3466796875    346.8650817871094    0.011768842115998268    20.479473114013672    7.576689720153809
13075.9609375    350.9698486328125    0.012387867085635662    20.597925186157227    7.490516662597656
13322.8857421875    355.1901550292969    0.013016054406762123    20.7031307220459    7.435178756713867
13572.1171875    359.5010070800781    0.01369733177125454    20.806678771972656    7.407793045043945
13823.65625    363.7630920410156    0.014405866153538227    20.911142349243164    7.387060642242432
14077.5009765625    368.0    0.015168691985309124    21.01646614074707    7.422370910644531
14333.65625    372.471435546875    0.016006717458367348    21.119903564453125    7.463194847106934
14592.1171875    377.21136474609375    0.01690412499010563    21.22466278076172    7.518877983093262
14852.884765625    382.1336975097656    0.017858661711215973    21.33696746826172    7.630115509033203
15115.9619140625    387.0017395019531    0.01891665905714035    21.435667037963867    7.681859493255615
15381.34765625    391.8759460449219    0.02007351443171501    21.520915985107422    7.5284271240234375
15649.0400390625    396.9151306152344    0.02122652530670166    21.585155487060547    7.419891357421875
15919.0400390625    402.0758056640625    0.022468235343694687    21.63274574279785    7.438926696777344
16191.34765625    407.27789306640625    0.023784469813108444    21.682659149169922    7.415591239929199
16465.9609375    412.5949401855469    0.025158632546663284    21.74953842163086    7.500663757324219
16742.884765625    418.1817932128906    0.026721682399511337    21.830467224121094    7.557859420776367
17022.1171875    423.88446044921875    0.028457283973693848    21.909526824951172    7.552268028259277
17303.65625    429.6669616699219    0.030273865908384323    21.98224449157715    7.562864303588867
17587.501953125    435.56292724609375    0.032235462218523026    22.047876358032227    7.547440528869629
17872.501953125    441.56304931640625    0.034245386719703674    22.105491638183594    7.533209800720215
18500    454.77380328178407    0.03867073303148285    22.232345939113905    7.5018773301259465
