1000.0228500366211    301.4045600891113    14.60155475139618
7.5    301.4041748046875    14.601875305175781    -12.559484481811523    -4.504613876342773
22.5    301.40338134765625    14.6025972366333    -12.787599563598633    -2.1210808753967285
37.5    301.4025573730469    14.603426933288574    -13.08519172668457    -0.601723313331604
53.65380096435547    301.4016418457031    14.60438060760498    -13.512959480285645    0.5206431746482849
72.11540222167969    301.4008483886719    14.605295181274414    -14.088869094848633    1.338226079940796
92.88459777832031    301.4006042480469    14.605621337890625    -14.857565879821777    2.0105090141296387
115.96150207519531    301.40093994140625    14.604963302612305    -15.685881614685059    2.790341854095459
141.34620666503906    301.4014892578125    14.603829383850098    -16.120519638061523    3.8523943424224854
169.0384979248047    301.40179443359375    14.603279113769531    -15.922019004821777    4.876716613769531
199.0384979248047    301.4019470214844    14.603894233703613    -15.36742877960205    5.238104820251465
231.34620666503906    301.40228271484375    14.605087280273438    -14.653977394104004    5.184609413146973
265.96160888671875    301.40240478515625    14.606643676757812    -13.687137603759766    5.215926170349121
302.8846130371094    301.4031677246094    14.607985496520996    -12.585376739501953    5.390712738037109
342.1153869628906    301.405029296875    14.608098983764648    -11.578075408935547    5.610980033874512
383.6539001464844    301.4092712402344    14.604874610900879    -10.782543182373047    5.989248275756836
427.5    301.4176940917969    14.594352722167969    -10.64454174041748    6.9008917808532715
473.65380859375    301.4337158203125    14.57349967956543    -10.489727020263672    7.310357570648193
522.1154174804688    301.4571838378906    14.545476913452148    -9.988204002380371    7.401130676269531
572.8847045898438    301.47442626953125    14.525647163391113    -9.713132858276367    7.8942999839782715
625.9616088867188    301.4937744140625    14.503447532653809    -9.644960403442383    8.678215026855469
681.34619140625    301.51129150390625    14.483723640441895    -9.744291305541992    8.991169929504395
739.0383911132812    301.5292053222656    14.463998794555664    -9.66250228881836    8.654684066772461
799.0383911132812    301.5412902832031    14.451311111450195    -9.5555419921875    8.01241683959961
861.34619140625    301.5721740722656    14.414140701293945    -9.229059219360352    8.03416919708252
925.9616088867188    301.68438720703125    14.260272979736328    -8.96164321899414    8.45663070678711
992.8847045898438    302.1054992675781    13.66493034362793    -8.269811630249023    9.243005752563477
1062.1156005859375    302.06658935546875    13.73281192779541    -7.706449508666992    9.017444610595703
1133.6539306640625    301.968994140625    13.876005172729492    -6.3823113441467285    8.755508422851562
1207.5001220703125    302.3104553222656    13.373095512390137    -3.4920105934143066    9.232619285583496
1283.65380859375    303.24566650390625    11.936758041381836    -2.33121395111084    8.069781303405762
1362.115478515625    303.65057373046875    11.205113410949707    -1.9793192148208618    7.586315631866455
1442.884765625    303.916259765625    10.696457862854004    -1.751966953277588    7.382760524749756
1525.9617919921875    304.1522216796875    10.275040626525879    -1.4898602962493896    7.326066017150879
1611.34619140625    304.37457275390625    9.907496452331543    -1.244673252105713    7.2906646728515625
1699.03857421875    304.6037292480469    9.54338550567627    -0.9996272325515747    7.293781280517578
1789.03857421875    304.85516357421875    9.152652740478516    -0.7058050632476807    7.393594264984131
1881.34619140625    305.12969970703125    8.741140365600586    -0.3696867525577545    7.480508327484131
1975.9615478515625    305.42376708984375    8.319387435913086    -0.004806211683899164    7.482146739959717
2072.884521484375    305.73748779296875    7.888584613800049    0.3566603660583496    7.4192280769348145
2172.115234375    306.0351257324219    7.4993205070495605    0.716576099395752    7.378684043884277
2273.654052734375    306.3023376464844    7.158797264099121    1.040919303894043    7.352341651916504
2377.5    306.5857849121094    6.812309265136719    1.363471508026123    7.318204879760742
2483.654052734375    306.8944396972656    6.449836730957031    1.7225393056869507    7.329041957855225
2592.11572265625    307.1856689453125    6.126384735107422    2.081515312194824    7.367534160614014
2702.885009765625    307.4560852050781    5.851542949676514    2.389946460723877    7.365287780761719
2815.961669921875    307.7555847167969    5.567508697509766    2.7008724212646484    7.419111251831055
2931.346435546875    308.0758056640625    5.2593865394592285    3.07462215423584    7.530113220214844
3049.03857421875    308.4043273925781    4.9589996337890625    3.4780454635620117    7.553554534912109
3169.038818359375    308.7518310546875    4.674349308013916    3.8869669437408447    7.531561851501465
3291.34619140625    309.07879638671875    4.420532703399658    4.249482154846191    7.5325212478637695
3415.961669921875    309.4146728515625    4.156217575073242    4.615237712860107    7.55833101272583
3542.884765625    309.76495361328125    3.8833839893341064    5.016273498535156    7.577403545379639
3672.115234375    310.1169128417969    3.634662389755249    5.422885894775391    7.577259063720703
3803.654052734375    310.47821044921875    3.413656711578369    5.804083824157715    7.582017421722412
3937.50048828125    310.8622131347656    3.1953840255737305    6.2023396492004395    7.610956192016602
4073.654296875    311.2433166503906    2.973905563354492    6.625812530517578    7.604862689971924
4212.115234375    311.61767578125    2.753443479537964    7.049415111541748    7.561731338500977
4352.884765625    311.995361328125    2.5473756790161133    7.452325820922852    7.5374226570129395
4495.96142578125    312.4097900390625    2.3585641384124756    7.85643196105957    7.530698776245117
4641.3466796875    312.8516845703125    2.1870880126953125    8.271486282348633    7.4972639083862305
4789.03857421875    313.2649841308594    2.0322930812835693    8.653792381286621    7.447430610656738
4939.03857421875    313.6634521484375    1.8774865865707397    9.021366119384766    7.46199893951416
5091.34619140625    314.08831787109375    1.7128154039382935    9.43939208984375    7.495716094970703
5245.96142578125    314.5132141113281    1.558097004890442    9.87589168548584    7.456392288208008
5402.884765625    314.9037780761719    1.4269925355911255    10.26791000366211    7.3477983474731445
5562.11572265625    315.29949951171875    1.3094762563705444    10.6282320022583    7.322199821472168
5723.65478515625    315.74700927734375    1.1999386548995972    10.993070602416992    7.401056289672852
5887.50048828125    316.25823974609375    1.0967605113983154    11.374919891357422    7.499780654907227
6053.654296875    316.7898864746094    0.9950680136680603    11.763906478881836    7.549937725067139
6222.11572265625    317.29046630859375    0.8943503499031067    12.157220840454102    7.558011054992676
6392.88525390625    317.7660217285156    0.8007009029388428    12.548643112182617    7.547222137451172
6565.96142578125    318.2263488769531    0.7185894250869751    12.919210433959961    7.508505821228027
6741.345703125    318.670166015625    0.64568692445755    13.26605224609375    7.436647891998291
6919.03857421875    319.1029968261719    0.579860508441925    13.595832824707031    7.366428375244141
7099.0390625    319.5478515625    0.5207889080047607    13.914682388305664    7.344112873077393
7281.345703125    320.0157775878906    0.465406596660614    14.231241226196289    7.412209987640381
7465.96142578125    320.50653076171875    0.4113028049468994    14.565387725830078    7.524966239929199
7652.884765625    321.0019836425781    0.36092323064804077    14.905672073364258    7.566348552703857
7842.115234375    321.51580810546875    0.31774550676345825    15.229248046875    7.5146284103393555
8033.654296875    322.075927734375    0.281156986951828    15.53277587890625    7.45746374130249
8227.5    322.6619567871094    0.24763131141662598    15.835160255432129    7.457615375518799
8423.6533203125    323.21722412109375    0.2161601334810257    16.13189697265625    7.4930219650268555
8622.1162109375    323.7561950683594    0.18696463108062744    16.418254852294922    7.548068523406982
8822.8857421875    324.3196716308594    0.15988777577877045    16.710582733154297    7.557464599609375
9025.9619140625    324.88409423828125    0.13589316606521606    17.002744674682617    7.493780136108398
9231.345703125    325.41754150390625    0.1156780868768692    17.270774841308594    7.442773818969727
9439.0390625    325.9661865234375    0.09824655950069427    17.52207374572754    7.423341751098633
9649.0390625    326.5420837402344    0.08310393244028091    17.766639709472656    7.392302513122559
9861.34765625    327.1215515136719    0.07001852989196777    18.004817962646484    7.355201721191406
10075.9609375    327.6842346191406    0.05867074057459831    18.232467651367188    7.356228828430176
10292.884765625    328.236572265625    0.04877778887748718    18.45528221130371    7.376495361328125
10512.115234375    328.81524658203125    0.04033326730132103    18.673450469970703    7.395627021789551
10733.6552734375    329.4279479980469    0.03308196738362312    18.883161544799805    7.461181640625
10957.5    330.05694580078125    0.02678525634109974    19.09665298461914    7.4953837394714355
11183.654296875    330.6636047363281    0.02158007211983204    19.304927825927734    7.424659252166748
11412.1162109375    331.2537841796875    0.017340101301670074    19.488876342773438    7.360805511474609
11642.884765625    331.93096923828125    0.013697583228349686    19.656206130981445    7.409192085266113
11875.9609375    332.9950866699219    0.011093886569142342    19.82054901123047    7.520803928375244
12111.34765625    335.1400146484375    0.010389696806669235    20.000080108642578    7.457456588745117
12349.0400390625    338.65325927734375    0.010594957508146763    20.168447494506836    7.3065266609191895
12589.0400390625    342.65985107421875    0.01111296284943819    20.30971336364746    7.4491424560546875
12831.3466796875    346.8001403808594    0.011758437380194664    20.457311630249023    7.640678405761719
13075.9609375    350.9815673828125    0.01238962821662426    20.608314514160156    7.555019378662109
13322.8857421875    355.1531066894531    0.013010533526539803    20.73109245300293    7.421910762786865
13572.1171875    359.4253845214844    0.013685212470591068    20.831661224365234    7.4811015129089355
13823.65625    363.7430114746094    0.014402168802917004    20.936798095703125    7.575380802154541
14077.5009765625    368.03955078125    0.015176250599324703    21.045930862426758    7.64224100112915
14333.65625    372.5862731933594    0.01602860353887081    21.15097427368164    7.597378253936768
14592.1171875    377.3492431640625    0.01693011075258255    21.25157928466797    7.538827896118164
14852.884765625    382.26727294921875    0.017886143177747726    21.325088500976562    7.62497615814209
15115.9619140625    387.1681213378906    0.01895732432603836    21.382545471191406    7.618765354156494
15381.34765625    391.9403991699219    0.020087014883756638    21.454017639160156    7.433794975280762
15649.0400390625    396.85467529296875    0.02121431939303875    21.51783561706543    7.383034706115723
15919.0400390625    402.01177978515625    0.0224502794444561    21.565826416015625    7.46479606628418
16191.34765625    407.3270263671875    0.0237906314432621    21.618446350097656    7.508433818817139
16465.9609375    412.742431640625    0.025203412398695946    21.685298919677734    7.506312847137451
16742.884765625    418.2501220703125    0.026759063825011253    21.767730712890625    7.514285564422607
17022.1171875    423.8699645996094    0.02847069688141346    21.86056900024414    7.525556564331055
17303.65625    429.6202392578125    0.030276671051979065    21.952373504638672    7.5205278396606445
17587.501953125    435.525146484375    0.03223172575235367    22.033164978027344    7.52224063873291
17872.501953125    441.5534973144531    0.03424188494682312    22.098875045776367    7.514912128448486
18500    454.82640388200156    0.03866774799397191    22.243552025329127    7.498776599009963
