1000.0018539428711    301.38829040527344    14.623178005218506
7.5    301.3888854980469    14.622535705566406    -12.750322341918945    -5.530620574951172
22.5    301.3905334472656    14.620721817016602    -12.976714134216309    -3.7524428367614746
37.5    301.3927917480469    14.618202209472656    -13.125715255737305    -2.6121206283569336
53.65380096435547    301.3954772949219    14.615158081054688    -13.191826820373535    -1.5215061902999878
72.11540222167969    301.39837646484375    14.611822128295898    -13.166976928710938    -0.30116239190101624
92.88459777832031    301.4014587402344    14.608327865600586    -13.103606224060059    0.9363267421722412
115.96150207519531    301.4049072265625    14.604531288146973    -13.087630271911621    1.9974950551986694
141.34620666503906    301.4091491699219    14.600211143493652    -13.241619110107422    2.700829029083252
169.0384979248047    301.41387939453125    14.595609664916992    -13.562223434448242    3.167621612548828
199.0384979248047    301.4184875488281    14.591083526611328    -13.835684776306152    3.576845407485962
231.34620666503906    301.42236328125    14.587454795837402    -13.773113250732422    4.08910608291626
265.96160888671875    301.4283142089844    14.581101417541504    -13.27593994140625    4.524247169494629
302.8846130371094    301.4459228515625    14.560073852539062    -12.614648818969727    5.259606838226318
342.1153869628906    301.4732666015625    14.526773452758789    -12.339468002319336    6.2293243408203125
383.6539001464844    301.5043029785156    14.489476203918457    -11.986753463745117    7.077836513519287
427.5    301.5199279785156    14.472440719604492    -11.760557174682617    8.044843673706055
473.65380859375    301.51776123046875    14.47913932800293    -11.249433517456055    9.50469970703125
522.1154174804688    301.5141296386719    14.487247467041016    -10.243755340576172    10.50362491607666
572.8847045898438    301.5113830566406    14.492670059204102    -9.69566535949707    10.774459838867188
625.9616088867188    301.5137023925781    14.491599082946777    -9.514522552490234    10.34716796875
681.34619140625    301.51800537109375    14.487808227539062    -9.21632194519043    9.82707405090332
739.0383911132812    301.5246276855469    14.481931686401367    -8.69143295288086    9.519072532653809
799.0383911132812    301.5392150878906    14.467230796813965    -8.513450622558594    9.323565483093262
861.34619140625    301.55340576171875    14.452630996704102    -8.490863800048828    9.276177406311035
925.9616088867188    301.5667419433594    14.438530921936035    -7.739584922790527    9.584686279296875
992.8847045898438    301.5946960449219    14.407466888427734    -6.932350158691406    10.085668563842773
1062.1156005859375    301.7195129394531    14.242229461669922    -6.654941558837891    9.695409774780273
1133.6539306640625    302.2698059082031    13.4701509475708    -4.404823303222656    9.090292930603027
1207.5001220703125    302.7320251464844    12.767853736877441    -3.019195079803467    8.781442642211914
1283.65380859375    303.21697998046875    11.951501846313477    -2.372169256210327    8.199661254882812
1362.115478515625    303.67767333984375    11.1376314163208    -1.9034240245819092    7.935908317565918
1442.884765625    304.00360107421875    10.538222312927246    -1.5668833255767822    7.835527420043945
1525.9617919921875    304.2903747558594    10.041942596435547    -1.2405614852905273    7.763077735900879
1611.34619140625    304.55029296875    9.623303413391113    -0.9283604621887207    7.678266525268555
1699.03857421875    304.8037414550781    9.229562759399414    -0.6561510562896729    7.588165283203125
1789.03857421875    305.0703125    8.827381134033203    -0.39422258734703064    7.502263069152832
1881.34619140625    305.3482971191406    8.42336654663086    -0.09887278079986572    7.430662155151367
1975.9615478515625    305.6111755371094    8.056832313537598    0.20456930994987488    7.391224384307861
2072.884521484375    305.85125732421875    7.735506057739258    0.48037081956863403    7.384982109069824
2172.115234375    306.0986633300781    7.416020393371582    0.7634879946708679    7.395066261291504
2273.654052734375    306.3691101074219    7.0755157470703125    1.0893824100494385    7.415457725524902
2377.5    306.6492004394531    6.735895156860352    1.427492380142212    7.412901401519775
2483.654052734375    306.9350280761719    6.4043426513671875    1.7469017505645752    7.398964881896973
2592.11572265625    307.23944091796875    6.073929786682129    2.0813817977905273    7.4042205810546875
2702.885009765625    307.5507507324219    5.759997844696045    2.4439873695373535    7.444510459899902
2815.961669921875    307.8450927734375    5.476562023162842    2.7954764366149902    7.471160411834717
2931.346435546875    308.1445007324219    5.193197250366211    3.147775173187256    7.461889743804932
3049.03857421875    308.4679260253906    4.905313014984131    3.5296859741210938    7.438727378845215
3169.038818359375    308.8079528808594    4.629431247711182    3.917522430419922    7.434353351593018
3291.34619140625    309.1497802734375    4.363607883453369    4.299914360046387    7.456648826599121
3415.961669921875    309.48406982421875    4.100362777709961    4.684282302856445    7.477376461029053
3542.884765625    309.81231689453125    3.8470497131347656    5.067584037780762    7.483097076416016
3672.115234375    310.1529846191406    3.610391855239868    5.4430742263793945    7.486295223236084
3803.654052734375    310.52569580078125    3.386186122894287    5.828975677490234    7.512600898742676
3937.50048828125    310.91680908203125    3.163719892501831    6.245804786682129    7.538218021392822
4073.654296875    311.2933349609375    2.943296432495117    6.66722297668457    7.525356292724609
4212.115234375    311.6451416015625    2.737312078475952    7.066588401794434    7.509234428405762
4352.884765625    311.9850769042969    2.5528907775878906    7.433507919311523    7.520561695098877
4495.96142578125    312.3686218261719    2.3761534690856934    7.812182903289795    7.553483963012695
4641.3466796875    312.8039245605469    2.204848051071167    8.221813201904297    7.524190902709961
4789.03857421875    313.2309875488281    2.044786214828491    8.617063522338867    7.4631195068359375
4939.03857421875    313.6385803222656    1.8873357772827148    9.001629829406738    7.478363990783691
5091.34619140625    314.04638671875    1.7288179397583008    9.411542892456055    7.534353256225586
5245.96142578125    314.4534606933594    1.579260230064392    9.83193588256836    7.571671485900879
5402.884765625    314.86151123046875    1.4407730102539062    10.24229621887207    7.561246395111084
5562.11572265625    315.2829895019531    1.3139115571975708    10.626930236816406    7.543658256530762
5723.65478515625    315.75982666015625    1.1963963508605957    11.004007339477539    7.57192325592041
5887.50048828125    316.3060607910156    1.087455153465271    11.401415824890137    7.611855506896973
6053.654296875    316.83538818359375    0.9869024157524109    11.78856372833252    7.596083641052246
6222.11572265625    317.29730224609375    0.8927935361862183    12.152440071105957    7.5776519775390625
6392.88525390625    317.7456970214844    0.8043137788772583    12.511930465698242    7.556724548339844
6565.96142578125    318.207275390625    0.7218765020370483    12.872069358825684    7.505397796630859
6741.345703125    318.661376953125    0.6471776962280273    13.222278594970703    7.459999084472656
6919.03857421875    319.0948181152344    0.5808310508728027    13.55134391784668    7.472404479980469
7099.0390625    319.5562438964844    0.5197575688362122    13.874053001403809    7.505803108215332
7281.345703125    320.0461730957031    0.46201419830322266    14.200091361999512    7.50517463684082
7465.96142578125    320.5282897949219    0.40910786390304565    14.517621994018555    7.541525840759277
7652.884765625    321.0192565917969    0.35929274559020996    14.845072746276855    7.5936431884765625
7842.115234375    321.5573425292969    0.314656138420105    15.175506591796875    7.560293197631836
8033.654296875    322.148193359375    0.2769404649734497    15.485153198242188    7.493045330047607
8227.5    322.7341003417969    0.2436002939939499    15.77357006072998    7.444791316986084
8423.6533203125    323.27288818359375    0.21298500895500183    16.050691604614258    7.430608749389648
8622.1162109375    323.7998352050781    0.18466614186763763    16.326780319213867    7.462941646575928
8822.8857421875    324.3387756347656    0.15902185440063477    16.606908798217773    7.512823104858398
9025.9619140625    324.8711853027344    0.13644608855247498    16.880496978759766    7.537173748016357
9231.345703125    325.3911437988281    0.11659550666809082    17.141523361206055    7.530596733093262
9439.0390625    325.9383544921875    0.0990331694483757    17.39641571044922    7.529609203338623
9649.0390625    326.5204772949219    0.08361849933862686    17.650859832763672    7.520417213439941
9861.34765625    327.1094970703125    0.07029114663600922    17.897499084472656    7.495402812957764
10075.9609375    327.67236328125    0.058919910341501236    18.125972747802734    7.479681968688965
10292.884765625    328.2182922363281    0.04906695336103439    18.344329833984375    7.496770858764648
10512.115234375    328.8104553222656    0.04039689525961876    18.561527252197266    7.48928689956665
10733.6552734375    329.43524169921875    0.033003948628902435    18.771484375    7.445613384246826
10957.5    330.0526123046875    0.026825588196516037    18.978233337402344    7.445817947387695
11183.654296875    330.6583557128906    0.02162023074924946    19.18109130859375    7.450860977172852
11412.1162109375    331.2566833496094    0.017312638461589813    19.36496353149414    7.40768575668335
11642.884765625    331.91290283203125    0.013763902708888054    19.525043487548828    7.399802207946777
11875.9609375    332.919189453125    0.011213395744562149    19.685701370239258    7.478427886962891
12111.34765625    334.998046875    0.010405910201370716    19.877164840698242    7.489462852478027
12349.0400390625    338.5336608886719    0.010585480369627476    20.069766998291016    7.413255214691162
12589.0400390625    342.56512451171875    0.011099562980234623    20.234375    7.482027530670166
12831.3466796875    346.6034851074219    0.011727632023394108    20.39925765991211    7.619300365447998
13075.9609375    350.7817687988281    0.012360219843685627    20.575313568115234    7.585537910461426
13322.8857421875    355.04583740234375    0.012994087301194668    20.73674774169922    7.48813533782959
13572.1171875    359.24005126953125    0.013655279763042927    20.880916595458984    7.507414817810059
13823.65625    363.5147399902344    0.014363114722073078    21.025680541992188    7.573925018310547
14077.5009765625    367.91839599609375    0.015154002234339714    21.168052673339844    7.585988998413086
14333.65625    372.4527893066406    0.016003277152776718    21.30575180053711    7.55882453918457
14592.1171875    377.19140625    0.016899561509490013    21.441734313964844    7.5592498779296875
14852.884765625    382.12725830078125    0.01785789243876934    21.551525115966797    7.636874198913574
15115.9619140625    387.00958251953125    0.0189199335873127    21.634784698486328    7.679985046386719
15381.34765625    391.8663635253906    0.02006884478032589    21.71954345703125    7.65698766708374
15649.0400390625    396.97625732421875    0.021235689520835876    21.795177459716797    7.628518104553223
15919.0400390625    402.2478332519531    0.022493552416563034    21.81545066833496    7.554001808166504
16191.34765625    407.5958557128906    0.023835565894842148    21.79214096069336    7.465480804443359
16465.9609375    413.01025390625    0.025240737944841385    21.759796142578125    7.4349822998046875
16742.884765625    418.5550537109375    0.026809681206941605    21.738567352294922    7.42408561706543
17022.1171875    424.1307373046875    0.028520772233605385    21.7358341217041    7.418438911437988
17303.65625    429.8070068359375    0.030309265479445457    21.75020980834961    7.436290740966797
17587.501953125    435.65496826171875    0.032257650047540665    21.778217315673828    7.440092086791992
17872.501953125    441.5982360839844    0.034254372119903564    21.81562042236328    7.44180965423584
18500    454.6838113489904    0.038650650016605045    21.897972620239383    7.445591304117912
