1000.0485153198242    301.43021392822266    14.576629877090454
7.5    301.43121337890625    14.575455665588379    -12.144607543945312    -7.209490776062012
22.5    301.4336242675781    14.572590827941895    -12.312108993530273    -5.877500534057617
37.5    301.43658447265625    14.569037437438965    -12.535562515258789    -4.944847106933594
53.65380096435547    301.4403076171875    14.56458568572998    -12.815199851989746    -4.166306018829346
72.11540222167969    301.4446105957031    14.559409141540527    -13.123697280883789    -3.4027976989746094
92.88459777832031    301.44915771484375    14.554014205932617    -13.354084014892578    -2.6231603622436523
115.96150207519531    301.453369140625    14.549129486083984    -13.369573593139648    -1.8669545650482178
141.34620666503906    301.4569091796875    14.54522705078125    -13.223306655883789    -1.1781508922576904
169.0384979248047    301.45947265625    14.54275894165039    -12.876941680908203    -0.45704546570777893
199.0384979248047    301.46160888671875    14.541022300720215    -12.43528938293457    0.14241419732570648
231.34620666503906    301.4625549316406    14.541070938110352    -12.0556640625    0.6274434328079224
265.96160888671875    301.4622497558594    14.542856216430664    -11.640832901000977    0.7613468170166016
302.8846130371094    301.4639892578125    14.541805267333984    -11.34124755859375    1.1024014949798584
342.1153869628906    301.47015380859375    14.534785270690918    -11.362483978271484    1.5846211910247803
383.6539001464844    301.48431396484375    14.517212867736816    -11.41962718963623    3.2242507934570312
427.5    301.51092529296875    14.482691764831543    -10.564176559448242    5.589784622192383
473.65380859375    301.53497314453125    14.451987266540527    -9.975725173950195    6.947857856750488
522.1154174804688    301.543701171875    14.443100929260254    -10.003023147583008    7.215887546539307
572.8847045898438    301.54541015625    14.443422317504883    -10.174747467041016    7.437443733215332
625.9616088867188    301.5443115234375    14.447632789611816    -10.492801666259766    7.847221374511719
681.34619140625    301.5428161621094    14.451944351196289    -10.906469345092773    8.425409317016602
739.0383911132812    301.5451354980469    14.451994895935059    -11.037850379943848    8.851411819458008
799.0383911132812    301.5532531738281    14.443891525268555    -10.819611549377441    8.67092514038086
861.34619140625    301.57354736328125    14.420656204223633    -10.453803062438965    8.087952613830566
925.9616088867188    301.624755859375    14.359277725219727    -9.80807113647461    8.476593017578125
992.8847045898438    301.6602478027344    14.319024085998535    -7.7792816162109375    9.665979385375977
1062.1156005859375    301.8991394042969    14.00312328338623    -6.165053367614746    10.124517440795898
1133.6539306640625    302.3141784667969    13.412250518798828    -4.3987531661987305    9.647042274475098
1207.5001220703125    302.7300720214844    12.782733917236328    -3.43011212348938    8.805807113647461
1283.65380859375    303.2427978515625    11.91308307647705    -2.775102138519287    8.15839958190918
1362.115478515625    303.65936279296875    11.169184684753418    -2.3502159118652344    7.663468360900879
1442.884765625    303.9281311035156    10.674431800842285    -2.048034191131592    7.541970252990723
1525.9617919921875    304.12518310546875    10.321617126464844    -1.774738073348999    7.51508903503418
1611.34619140625    304.31915283203125    9.998176574707031    -1.502565622329712    7.515089988708496
1699.03857421875    304.5423889160156    9.63962459564209    -1.2091578245162964    7.564075946807861
1789.03857421875    304.7818603515625    9.264976501464844    -0.8881921768188477    7.666667461395264
1881.34619140625    305.0574035644531    8.849997520446777    -0.5307081937789917    7.677830696105957
1975.9615478515625    305.36236572265625    8.407648086547852    -0.12211155146360397    7.5666327476501465
2072.884521484375    305.6518859863281    8.00326919555664    0.2627778649330139    7.426871299743652
2172.115234375    305.926025390625    7.640320777893066    0.6118236780166626    7.384842872619629
2273.654052734375    306.1908874511719    7.300339221954346    0.9575837850570679    7.386438369750977
2377.5    306.4604187011719    6.965576171875    1.3099685907363892    7.355192184448242
2483.654052734375    306.744384765625    6.625330924987793    1.6719162464141846    7.319454193115234
2592.11572265625    307.02508544921875    6.304142475128174    2.01650071144104    7.318467617034912
2702.885009765625    307.3083801269531    6.002196788787842    2.361052989959717    7.370664596557617
2815.961669921875    307.5987854003906    5.717183589935303    2.7182846069335938    7.42790412902832
2931.346435546875    307.9100036621094    5.417229652404785    3.089033603668213    7.468652248382568
3049.03857421875    308.2635192871094    5.085134029388428    3.508293867111206    7.518744468688965
3169.038818359375    308.6299133300781    4.771783828735352    3.948916435241699    7.532818794250488
3291.34619140625    308.9864501953125    4.490922927856445    4.360297203063965    7.51181697845459
3415.961669921875    309.3380126953125    4.216339588165283    4.754600524902344    7.479115962982178
3542.884765625    309.6868896484375    3.943288803100586    5.154884338378906    7.421197891235352
3672.115234375    310.0282897949219    3.694491147994995    5.543769359588623    7.323830604553223
3803.654052734375    310.3683776855469    3.47808837890625    5.90537166595459    7.271567344665527
3937.50048828125    310.72589111328125    3.2725141048431396    6.276302814483643    7.316351890563965
4073.654296875    311.09063720703125    3.0633320808410645    6.670818328857422    7.380859375
4212.115234375    311.4483947753906    2.853065252304077    7.074715614318848    7.435230255126953
4352.884765625    311.8087463378906    2.6460602283477783    7.474362373352051    7.464954376220703
4495.96142578125    312.2112121582031    2.44530987739563    7.874077796936035    7.469724655151367
4641.3466796875    312.6787109375    2.2532460689544678    8.307981491088867    7.485493183135986
4789.03857421875    313.15606689453125    2.0733819007873535    8.757410049438477    7.486448287963867
4939.03857421875    313.5819091796875    1.9093726873397827    9.166736602783203    7.467377662658691
5091.34619140625    313.963134765625    1.760058879852295    9.532302856445312    7.497542381286621
5245.96142578125    314.3583679199219    1.613087773323059    9.915472030639648    7.5677409172058105
5402.884765625    314.77471923828125    1.4695241451263428    10.325531005859375    7.604578018188477
5562.11572265625    315.2070007324219    1.3355183601379395    10.72911262512207    7.653192520141602
5723.65478515625    315.6816711425781    1.2130672931671143    11.12732219696045    7.696985244750977
5887.50048828125    316.2134094238281    1.105118989944458    11.525642395019531    7.670345306396484
6053.654296875    316.74114990234375    1.006077766418457    11.904430389404297    7.595617771148682
6222.11572265625    317.21185302734375    0.9103174805641174    12.260557174682617    7.5687055587768555
6392.88525390625    317.6765441894531    0.817464292049408    12.629606246948242    7.587057113647461
6565.96142578125    318.1517639160156    0.7314698696136475    12.999771118164062    7.558778762817383
6741.345703125    318.6259765625    0.6528962850570679    13.358877182006836    7.530879497528076
6919.03857421875    319.0879211425781    0.5821540355682373    13.708813667297363    7.482494831085205
7099.0390625    319.5437316894531    0.5213680863380432    14.038490295410156    7.394137859344482
7281.345703125    319.98809814453125    0.46847569942474365    14.332757949829102    7.336966514587402
7465.96142578125    320.4429626464844    0.41812169551849365    14.62254524230957    7.385754108428955
7652.884765625    320.9237365722656    0.36844876408576965    14.936727523803711    7.448148727416992
7842.115234375    321.4502868652344    0.3227730095386505    15.263811111450195    7.493008136749268
8033.654296875    322.06060791015625    0.28219959139823914    15.590435028076172    7.535985946655273
8227.5    322.69073486328125    0.24602541327476501    15.916250228881836    7.526586532592773
8423.6533203125    323.24908447265625    0.21432487666606903    16.215282440185547    7.460067272186279
8622.1162109375    323.7776794433594    0.18578699231147766    16.492698669433594    7.442803859710693
8822.8857421875    324.3175354003906    0.1599465012550354    16.762657165527344    7.461939811706543
9025.9619140625    324.8577880859375    0.13695989549160004    17.03089714050293    7.451089859008789
9231.345703125    325.384765625    0.11680901050567627    17.293819427490234    7.444363594055176
9439.0390625    325.9380187988281    0.09905607998371124    17.548246383666992    7.479378700256348
9649.0390625    326.5269775390625    0.08346489071846008    17.794601440429688    7.503279209136963
9861.34765625    327.13531494140625    0.06973788887262344    18.042133331298828    7.492733001708984
10075.9609375    327.7168884277344    0.05806897580623627    18.279685974121094    7.451406478881836
10292.884765625    328.26556396484375    0.04829058796167374    18.499923706054688    7.439116477966309
10512.115234375    328.85040283203125    0.0398767925798893    18.711931228637695    7.46881628036499
10733.6552734375    329.4548034667969    0.03280183672904968    18.911964416503906    7.493793487548828
10957.5    330.0497741699219    0.026851357892155647    19.100759506225586    7.511934280395508
11183.654296875    330.6422119140625    0.02174316719174385    19.292407989501953    7.48921012878418
11412.1162109375    331.248779296875    0.01737825945019722    19.47896385192871    7.420809745788574
11642.884765625    331.9393310546875    0.013658088631927967    19.651714324951172    7.318280220031738
11875.9609375    332.93310546875    0.011146945878863335    19.809825897216797    7.268914222717285
12111.34765625    334.8555603027344    0.010400831699371338    19.979198455810547    7.378679275512695
12349.0400390625    338.37200927734375    0.01057345513254404    20.186138153076172    7.496834754943848
12589.0400390625    342.5832214355469    0.0111022824421525    20.393207550048828    7.451054573059082
12831.3466796875    346.57135009765625    0.01172101404517889    20.565052032470703    7.443826675415039
13075.9609375    350.6919250488281    0.012346881441771984    20.719257354736328    7.673748970031738
13322.8857421875    355.1051025390625    0.013003682717680931    20.88207244873047    7.693429470062256
13572.1171875    359.3468322753906    0.013672957196831703    21.019474029541016    7.451611518859863
13823.65625    363.56903076171875    0.014372587203979492    21.1346435546875    7.502423286437988
14077.5009765625    368.0201416015625    0.015172701328992844    21.260051727294922    7.686006546020508
14333.65625    372.59814453125    0.016030248254537582    21.374359130859375    7.752783298492432
14592.1171875    377.3704528808594    0.01693367213010788    21.476484298706055    7.6653642654418945
14852.884765625    382.2928161621094    0.01789174973964691    21.5651912689209    7.501065254211426
15115.9619140625    387.1011657714844    0.01894199661910534    21.62494659423828    7.469956398010254
15381.34765625    391.9870910644531    0.0200955793261528    21.6683349609375    7.512728691101074
15649.0400390625    397.1487121582031    0.02127705328166485    21.685630798339844    7.588005065917969
15919.0400390625    402.3937683105469    0.02253447100520134    21.672687530517578    7.6061601638793945
16191.34765625    407.69573974609375    0.02387240156531334    21.647377014160156    7.546690464019775
16465.9609375    413.0644836425781    0.02527627721428871    21.627914428710938    7.484140396118164
16742.884765625    418.5246887207031    0.02682354487478733    21.627010345458984    7.460723876953125
17022.1171875    424.1318664550781    0.028538046404719353    21.650379180908203    7.420499801635742
17303.65625    429.822998046875    0.030334772542119026    21.6909122467041    7.391730308532715
17587.501953125    435.6444091796875    0.03226931393146515    21.73920440673828    7.408267498016357
17872.501953125    441.593994140625    0.034256335347890854    21.787702560424805    7.417174339294434
18500    454.6934781501168    0.03863125484931516    21.89448325065406    7.436784955104323
