1000.0653305053711    301.3874969482422    14.623105645179749
7.5    301.3883361816406    14.622038841247559    -12.542640686035156    -3.944551467895508
22.5    301.39019775390625    14.619709968566895    -12.587881088256836    -0.8254134654998779
37.5    301.3923034667969    14.617120742797852    -12.743841171264648    1.538568377494812
53.65380096435547    301.39483642578125    14.614029884338379    -12.977978706359863    3.5861518383026123
72.11540222167969    301.39813232421875    14.610091209411621    -13.133586883544922    5.180234432220459
92.88459777832031    301.4024353027344    14.605154037475586    -12.970054626464844    6.102439880371094
115.96150207519531    301.4071044921875    14.600074768066406    -12.550661087036133    6.641796588897705
141.34620666503906    301.4117431640625    14.595231056213379    -12.213216781616211    7.088657379150391
169.0384979248047    301.4171447753906    14.589755058288574    -12.025591850280762    7.478189945220947
199.0384979248047    301.4236145019531    14.583159446716309    -11.950891494750977    7.805484771728516
231.34620666503906    301.43060302734375    14.57597541809082    -11.98366928100586    8.027507781982422
265.96160888671875    301.4366760253906    14.56997013092041    -12.128700256347656    8.080442428588867
302.8846130371094    301.4421691894531    14.56482219696045    -12.2849702835083    8.074424743652344
342.1153869628906    301.4501953125    14.556264877319336    -12.273984909057617    8.218277931213379
383.6539001464844    301.45947265625    14.545915603637695    -12.02898120880127    8.60828971862793
427.5    301.4693298339844    14.535066604614258    -11.738636016845703    9.215539932250977
473.65380859375    301.4806823730469    14.522221565246582    -11.602313995361328    10.049605369567871
522.1154174804688    301.4930114746094    14.508538246154785    -11.532712936401367    10.47540283203125
572.8847045898438    301.5066833496094    14.493310928344727    -11.191121101379395    10.426336288452148
625.9616088867188    301.5179443359375    14.480485916137695    -10.666614532470703    9.887550354003906
681.34619140625    301.55401611328125    14.436874389648438    -9.976518630981445    9.463398933410645
739.0383911132812    301.585693359375    14.39846420288086    -9.001081466674805    9.069515228271484
799.0383911132812    301.609619140625    14.370790481567383    -8.34976863861084    8.959871292114258
861.34619140625    301.64630126953125    14.32360553741455    -7.991552352905273    9.496943473815918
925.9616088867188    301.68719482421875    14.268299102783203    -7.6729888916015625    10.256124496459961
992.8847045898438    301.99957275390625    13.850083351135254    -5.709359169006348    10.215069770812988
1062.1156005859375    302.3370361328125    13.381608009338379    -4.6928863525390625    8.978593826293945
1133.6539306640625    302.4961242675781    13.127190589904785    -4.560124397277832    8.421998977661133
1207.5001220703125    302.8468017578125    12.569018363952637    -3.882478713989258    8.031476020812988
1283.65380859375    303.3343811035156    11.75050163269043    -2.8298754692077637    7.696827411651611
1362.115478515625    303.75030517578125    10.999897956848145    -2.2994914054870605    7.485828876495361
1442.884765625    304.0168151855469    10.513503074645996    -1.9435579776763916    7.28112268447876
1525.9617919921875    304.19537353515625    10.199136734008789    -1.717454195022583    7.242030620574951
1611.34619140625    304.4060974121094    9.856447219848633    -1.4150049686431885    7.3109941482543945
1699.03857421875    304.6703186035156    9.439138412475586    -1.0745935440063477    7.350982666015625
1789.03857421875    304.93890380859375    9.026007652282715    -0.764482855796814    7.317722797393799
1881.34619140625    305.1994934082031    8.639554023742676    -0.438617467880249    7.312216281890869
1975.9615478515625    305.4611511230469    8.266640663146973    -0.08398935198783875    7.346527099609375
2072.884521484375    305.7430114746094    7.881387233734131    0.2868465781211853    7.354460716247559
2172.115234375    306.025146484375    7.512224197387695    0.6497573852539062    7.341475486755371
2273.654052734375    306.2856140136719    7.180111408233643    0.99018794298172    7.34919548034668
2377.5    306.5552673339844    6.848720073699951    1.3326243162155151    7.388424873352051
2483.654052734375    306.8502197265625    6.4997477531433105    1.7024272680282593    7.417072296142578
2592.11572265625    307.1476135253906    6.1683197021484375    2.074754476547241    7.425644874572754
2702.885009765625    307.4434509277344    5.866600513458252    2.4315803050994873    7.423654556274414
2815.961669921875    307.7456359863281    5.576716899871826    2.790435314178467    7.433881759643555
2931.346435546875    308.06097412109375    5.273874759674072    3.1773953437805176    7.471123695373535
3049.03857421875    308.3988342285156    4.9638800621032715    3.594076156616211    7.502485275268555
3169.038818359375    308.75372314453125    4.671990394592285    4.0111799240112305    7.472949504852295
3291.34619140625    309.09869384765625    4.404891490936279    4.399165153503418    7.409817218780518
3415.961669921875    309.4231872558594    4.1502814292907715    4.7631988525390625    7.394935607910156
3542.884765625    309.74163818359375    3.9003264904022217    5.132052421569824    7.4018049240112305
3672.115234375    310.0699462890625    3.6643548011779785    5.503725051879883    7.356286525726318
3803.654052734375    310.4272155761719    3.4426941871643066    5.879881381988525    7.323378562927246
3937.50048828125    310.7979736328125    3.2325692176818848    6.263332366943359    7.393011569976807
4073.654296875    311.1670837402344    3.0196433067321777    6.658921718597412    7.477556228637695
4212.115234375    311.55206298828125    2.7920007705688477    7.084565162658691    7.47482967376709
4352.884765625    311.9542236328125    2.568359136581421    7.525748252868652    7.415890693664551
4495.96142578125    312.3683166503906    2.3755335807800293    7.936211585998535    7.391177177429199
4641.3466796875    312.7929992675781    2.2091705799102783    8.32274341583252    7.397470474243164
4789.03857421875    313.209228515625    2.0533134937286377    8.701416015625    7.402817249298096
4939.03857421875    313.6080627441406    1.899033784866333    9.080961227416992    7.42799186706543
5091.34619140625    313.99749755859375    1.7470508813858032    9.466185569763184    7.461164474487305
5245.96142578125    314.40093994140625    1.5981954336166382    9.864505767822266    7.488570690155029
5402.884765625    314.8130798339844    1.4571670293807983    10.2728271484375    7.517385482788086
5562.11572265625    315.22808837890625    1.3292460441589355    10.66121768951416    7.55527400970459
5723.65478515625    315.6852111816406    1.21269953250885    11.040885925292969    7.600637435913086
5887.50048828125    316.216552734375    1.1044710874557495    11.43762493133545    7.606378555297852
6053.654296875    316.753662109375    1.0027931928634644    11.826319694519043    7.582871437072754
6222.11572265625    317.2337646484375    0.9059826731681824    12.196975708007812    7.575865268707275
6392.88525390625    317.697265625    0.8137108683586121    12.568252563476562    7.58056116104126
6565.96142578125    318.1632385253906    0.7294313311576843    12.93238639831543    7.562039375305176
6741.345703125    318.6190185546875    0.6538664698600769    13.280107498168945    7.497791767120361
6919.03857421875    319.05926513671875    0.5860512256622314    13.613399505615234    7.457427024841309
7099.0390625    319.5247497558594    0.523634672164917    13.94759750366211    7.511021137237549
7281.345703125    320.0264587402344    0.4641674757003784    14.293885231018066    7.580671310424805
7465.96142578125    320.521240234375    0.4097619652748108    14.636083602905273    7.589285373687744
7652.884765625    321.0035400390625    0.3607906699180603    14.958578109741211    7.561891555786133
7842.115234375    321.52813720703125    0.31682947278022766    15.271027565002441    7.50502872467041
8033.654296875    322.11907958984375    0.2786059081554413    15.570123672485352    7.473306655883789
8227.5    322.7226257324219    0.24423344433307648    15.86709213256836    7.475107192993164
8423.6533203125    323.276611328125    0.21275465190410614    16.154998779296875    7.488903999328613
8622.1162109375    323.8243408203125    0.1834196299314499    16.442623138427734    7.525587558746338
8822.8857421875    324.3779296875    0.15726301074028015    16.72323226928711    7.522505283355713
9025.9619140625    324.91357421875    0.13475780189037323    16.984180450439453    7.528276443481445
9231.345703125    325.4499816894531    0.11454614251852036    17.248191833496094    7.548849582672119
9439.0390625    326.0130615234375    0.0968848317861557    17.51092529296875    7.547940254211426
9649.0390625    326.5906982421875    0.08192691951990128    17.760456085205078    7.521059989929199
9861.34765625    327.1690673828125    0.06902679800987244    17.993762969970703    7.515764236450195
10075.9609375    327.7364196777344    0.057697832584381104    18.222150802612305    7.516373157501221
10292.884765625    328.2779541015625    0.04810122400522232    18.443832397460938    7.483979225158691
10512.115234375    328.8480529785156    0.03991742804646492    18.65441131591797    7.447076797485352
10733.6552734375    329.4679870605469    0.0326543003320694    18.859046936035156    7.440099716186523
10957.5    330.0936279296875    0.026430487632751465    19.061525344848633    7.404431343078613
11183.654296875    330.6712646484375    0.021484311670064926    19.253860473632812    7.325705528259277
11412.1162109375    331.22406005859375    0.017511002719402313    19.417037963867188    7.337098121643066
11642.884765625    331.8619079589844    0.01400068961083889    19.575504302978516    7.419198989868164
11875.9609375    332.82177734375    0.011319034732878208    19.74625015258789    7.546492099761963
12111.34765625    334.8177490234375    0.010405290871858597    19.945396423339844    7.7152252197265625
12349.0400390625    338.4580383300781    0.010575036518275738    20.174827575683594    7.75111198425293
12589.0400390625    342.6233215332031    0.011108942329883575    20.380115509033203    7.695323944091797
12831.3466796875    346.6806640625    0.011739980429410934    20.55010986328125    7.655299186706543
13075.9609375    350.79071044921875    0.012361058034002781    20.69924545288086    7.6363911628723145
13322.8857421875    355.0914306640625    0.013001357205212116    20.834365844726562    7.631381034851074
13572.1171875    359.47259521484375    0.013692730106413364    20.95580291748047    7.551778793334961
13823.65625    363.80218505859375    0.01441246084868908    21.05998992919922    7.497178077697754
14077.5009765625    368.1072082519531    0.015188610181212425    21.151981353759766    7.450692176818848
14333.65625    372.5595703125    0.01602349616587162    21.23414421081543    7.457744598388672
14592.1171875    377.33758544921875    0.016927823424339294    21.323570251464844    7.528866767883301
14852.884765625    382.2409362792969    0.017880072817206383    21.41939353942871    7.550678253173828
15115.9619140625    387.0171203613281    0.018920792266726494    21.496688842773438    7.589637279510498
15381.34765625    391.9559631347656    0.020090652629733086    21.56741714477539    7.522643089294434
15649.0400390625    397.0256652832031    0.021251371130347252    21.62397003173828    7.37803316116333
15919.0400390625    402.13983154296875    0.022481828927993774    21.650634765625    7.383207321166992
16191.34765625    407.39923095703125    0.02380932867527008    21.671836853027344    7.387114524841309
16465.9609375    412.7033996582031    0.02518625743687153    21.7056884765625    7.448178291320801
16742.884765625    418.2549743652344    0.026740629225969315    21.754220962524414    7.5250959396362305
17022.1171875    423.95587158203125    0.02847660332918167    21.80828857421875    7.534363746643066
17303.65625    429.7214660644531    0.030289871618151665    21.86277961730957    7.53843879699707
17587.501953125    435.6025390625    0.03224680945277214    21.916580200195312    7.51397180557251
17872.501953125    441.5779113769531    0.034250322729349136    21.967729568481445    7.499581336975098
18500    454.7341726284278    0.03866155314317439    22.08034756391456    7.467897158243546
