1000.0394515991211    301.4052391052246    14.605197548866272
7.5    301.40521240234375    14.605268478393555    -12.420671463012695    -5.115834712982178
22.5    301.4051818847656    14.605401039123535    -12.451227188110352    -3.070402145385742
37.5    301.4051818847656    14.605521202087402    -12.47128963470459    -1.7464760541915894
53.65380096435547    301.4053039550781    14.605622291564941    -12.503073692321777    -0.671061635017395
72.11540222167969    301.4056091308594    14.605630874633789    -12.580163955688477    0.234228253364563
92.88459777832031    301.4064636230469    14.605165481567383    -12.748830795288086    0.9340519309043884
115.96150207519531    301.4090881347656    14.602627754211426    -13.044183731079102    1.4652637243270874
141.34620666503906    301.41552734375    14.594857215881348    -13.369585990905762    2.1671524047851562
169.0384979248047    301.4253234863281    14.582276344299316    -13.230117797851562    3.6340346336364746
199.0384979248047    301.4379577636719    14.56623363494873    -12.597293853759766    4.973850250244141
231.34620666503906    301.454833984375    14.545401573181152    -11.938467025756836    5.388359069824219
265.96160888671875    301.47186279296875    14.524611473083496    -11.017032623291016    5.471749305725098
302.8846130371094    301.48773193359375    14.50561237335205    -10.598440170288086    5.602159023284912
342.1153869628906    301.5012512207031    14.489653587341309    -10.915824890136719    5.674769878387451
383.6539001464844    301.5106506347656    14.479108810424805    -11.536151885986328    5.802623748779297
427.5    301.5173034667969    14.47214126586914    -12.068593978881836    6.087706565856934
473.65380859375    301.52044677734375    14.469593048095703    -12.382816314697266    6.482741355895996
522.1154174804688    301.5228576660156    14.46845531463623    -12.385437965393066    6.920360565185547
572.8847045898438    301.5206604003906    14.472947120666504    -12.154356956481934    7.361606597900391
625.9616088867188    301.5184326171875    14.477625846862793    -11.84915542602539    7.580564498901367
681.34619140625    301.5276184082031    14.468088150024414    -11.62301254272461    7.558916091918945
739.0383911132812    301.5789794921875    14.404925346374512    -10.76579475402832    8.149947166442871
799.0383911132812    301.7606506347656    14.167778015136719    -8.782712936401367    9.329229354858398
861.34619140625    301.9409484863281    13.924429893493652    -8.294048309326172    9.96261978149414
925.9616088867188    301.9852294921875    13.86740779876709    -7.6969990730285645    9.875639915466309
992.8847045898438    301.9891357421875    13.865385055541992    -7.157439708709717    9.751858711242676
1062.1156005859375    301.9794921875    13.879633903503418    -6.904119968414307    9.868837356567383
1133.6539306640625    302.306396484375    13.400930404663086    -5.744070529937744    9.385451316833496
1207.5001220703125    302.82489013671875    12.615022659301758    -3.4489688873291016    8.375899314880371
1283.65380859375    303.30279541015625    11.811071395874023    -2.781670570373535    7.694055557250977
1362.115478515625    303.6411437988281    11.198572158813477    -2.404921054840088    7.448413848876953
1442.884765625    303.8907470703125    10.738455772399902    -2.1301488876342773    7.2981367111206055
1525.9617919921875    304.08148193359375    10.395803451538086    -1.8889050483703613    7.228362560272217
1611.34619140625    304.2860107421875    10.054131507873535    -1.582253098487854    7.275012493133545
1699.03857421875    304.5306396484375    9.660327911376953    -1.20173978805542    7.352401256561279
1789.03857421875    304.8095703125    9.22350788116455    -0.8323884606361389    7.404427528381348
1881.34619140625    305.1020812988281    8.783771514892578    -0.46747952699661255    7.418383598327637
1975.9615478515625    305.37481689453125    8.390257835388184    -0.11125525832176208    7.40347957611084
2072.884521484375    305.6292419433594    8.034262657165527    0.23213812708854675    7.428417205810547
2172.115234375    305.898193359375    7.677371978759766    0.5688239336013794    7.477344512939453
2273.654052734375    306.1971435546875    7.29254674911499    0.935131311416626    7.474138259887695
2377.5    306.4959411621094    6.921898365020752    1.3273210525512695    7.446902275085449
2483.654052734375    306.7867126464844    6.5751261711120605    1.6894962787628174    7.458503723144531
2592.11572265625    307.0777282714844    6.244096755981445    2.035888433456421    7.494896411895752
2702.885009765625    307.3863525390625    5.921372413635254    2.393873691558838    7.501928806304932
2815.961669921875    307.7114562988281    5.608322620391846    2.7667558193206787    7.434383392333984
2931.346435546875    308.022705078125    5.3102192878723145    3.142758846282959    7.358036518096924
3049.03857421875    308.3170166015625    5.034750461578369    3.4941022396087646    7.377164363861084
3169.038818359375    308.6414794921875    4.761692523956299    3.8647849559783936    7.457338333129883
3291.34619140625    309.0107421875    4.472898960113525    4.279439926147461    7.507569313049316
3415.961669921875    309.375732421875    4.186458587646484    4.693963527679443    7.544078826904297
3542.884765625    309.7073059082031    3.926344156265259    5.073138236999512    7.575637340545654
3672.115234375    310.0505065917969    3.6795437335968018    5.455356597900391    7.589847564697266
3803.654052734375    310.43463134765625    3.4400153160095215    5.86566686630249    7.5806450843811035
3937.50048828125    310.8175048828125    3.2211010456085205    6.266160011291504    7.5911407470703125
4073.654296875    311.1817626953125    3.0105767250061035    6.643110752105713    7.641127586364746
4212.115234375    311.555419921875    2.789336919784546    7.0366435050964355    7.709278583526611
4352.884765625    311.9565124511719    2.567523717880249    7.4656805992126465    7.732735633850098
4495.96142578125    312.3794860839844    2.370941162109375    7.892216205596924    7.655129432678223
4641.3466796875    312.8158874511719    2.2001547813415527    8.292068481445312    7.516341686248779
4789.03857421875    313.245361328125    2.0393447875976562    8.67359733581543    7.438054084777832
4939.03857421875    313.6562194824219    1.880474328994751    9.05168628692627    7.474334716796875
5091.34619140625    314.0679016113281    1.7208964824676514    9.448156356811523    7.535830020904541
5245.96142578125    314.4904479980469    1.5663081407546997    9.8619966506958    7.557709217071533
5402.884765625    314.9029541015625    1.4270399808883667    10.264442443847656    7.540788173675537
5562.11572265625    315.3157043457031    1.3045645952224731    10.64171028137207    7.474055290222168
5723.65478515625    315.76947021484375    1.1942678689956665    11.00882339477539    7.411252021789551
5887.50048828125    316.2796630859375    1.0923248529434204    11.38259506225586    7.405792236328125
6053.654296875    316.79351806640625    0.9946997761726379    11.75320816040039    7.4250335693359375
6222.11572265625    317.2587585449219    0.9008868336677551    12.1189546585083    7.462400436401367
6392.88525390625    317.6997375488281    0.8131971955299377    12.481891632080078    7.495979309082031
6565.96142578125    318.1518249511719    0.7313541769981384    12.840560913085938    7.499017715454102
6741.345703125    318.6171875    0.6542373299598694    13.195140838623047    7.494606018066406
6919.03857421875    319.0845642089844    0.5826720595359802    13.54954719543457    7.496471405029297
7099.0390625    319.56640625    0.5185267925262451    13.900033950805664    7.482027053833008
7281.345703125    320.0569763183594    0.4606069326400757    14.240413665771484    7.444069862365723
7465.96142578125    320.5364685058594    0.40797027945518494    14.568367004394531    7.411345481872559
7652.884765625    321.0048522949219    0.3607613146305084    14.883508682250977    7.44090461730957
7842.115234375    321.510986328125    0.318458616733551    15.195455551147461    7.49075984954834
8033.654296875    322.101806640625    0.2797738313674927    15.50706672668457    7.502494812011719
8227.5    322.7162780761719    0.24452713131904602    15.810693740844727    7.51408576965332
8423.6533203125    323.28173828125    0.2125077247619629    16.103763580322266    7.536017417907715
8622.1162109375    323.83349609375    0.18300463259220123    16.40073013305664    7.512521743774414
8822.8857421875    324.3916015625    0.15663793683052063    16.69305419921875    7.420464038848877
9025.9619140625    324.9282531738281    0.134089857339859    16.964336395263672    7.365630149841309
9231.345703125    325.4375    0.1149882823228836    17.21750259399414    7.3609724044799805
9439.0390625    325.9535827636719    0.09860148280858994    17.459951400756836    7.385614395141602
9649.0390625    326.5111999511719    0.0838385820388794    17.70056915283203    7.423579216003418
9861.34765625    327.1020202636719    0.07043958455324173    17.94873046875    7.438560485839844
10075.9609375    327.6667175292969    0.05901198089122772    18.189109802246094    7.438480377197266
10292.884765625    328.2023620605469    0.049337711185216904    18.41283416748047    7.4845123291015625
10512.115234375    328.78570556640625    0.0407210998237133    18.637935638427734    7.53486967086792
10733.6552734375    329.42266845703125    0.033149007707834244    18.866260528564453    7.524690628051758
10957.5    330.04229736328125    0.026914773508906364    19.07600212097168    7.495474338531494
11183.654296875    330.6358337402344    0.021770978346467018    19.269813537597656    7.482518196105957
11412.1162109375    331.2409973144531    0.017399391159415245    19.453113555908203    7.472206115722656
11642.884765625    331.9485778808594    0.013632061891257763    19.632362365722656    7.467218399047852
11875.9609375    333.0147399902344    0.011095921508967876    19.802932739257812    7.4444990158081055
12111.34765625    335.0629577636719    0.010412993840873241    19.9697208404541    7.444125652313232
12349.0400390625    338.5744323730469    0.010593161918222904    20.139034271240234    7.427901268005371
12589.0400390625    342.7105712890625    0.01112112682312727    20.297080993652344    7.4663801193237305
12831.3466796875    346.81622314453125    0.011759167537093163    20.454978942871094    7.539670944213867
13075.9609375    350.8602600097656    0.012372172437608242    20.597965240478516    7.442626953125
13322.8857421875    354.977294921875    0.012983720749616623    20.716533660888672    7.4853644371032715
13572.1171875    359.35052490234375    0.013673575595021248    20.839191436767578    7.712471008300781
13823.65625    363.79931640625    0.014411969110369682    20.956893920898438    7.672513961791992
14077.5009765625    368.09228515625    0.015185966156423092    21.047021865844727    7.478501796722412
14333.65625    372.58038330078125    0.01602744683623314    21.140710830688477    7.481945991516113
14592.1171875    377.425048828125    0.016944484785199165    21.242061614990234    7.514904975891113
14852.884765625    382.35626220703125    0.017903771251440048    21.317527770996094    7.480201244354248
15115.9619140625    387.03460693359375    0.018924763426184654    21.381553649902344    7.396274566650391
15381.34765625    391.72998046875    0.020039403811097145    21.45958709716797    7.4178009033203125
15649.0400390625    396.8558349609375    0.02121097594499588    21.53243637084961    7.4898681640625
15919.0400390625    402.0496826171875    0.0224593598395586    21.58911895751953    7.465846061706543
16191.34765625    407.2816162109375    0.02378598041832447    21.650218963623047    7.490279197692871
16465.9609375    412.6514587402344    0.025184888392686844    21.73223876953125    7.514279365539551
16742.884765625    418.1181945800781    0.02672356739640236    21.82863998413086    7.527525901794434
17022.1171875    423.752197265625    0.0284286979585886    21.92554473876953    7.570976257324219
17303.65625    429.5638122558594    0.030241025611758232    22.01129150390625    7.589757919311523
17587.501953125    435.5014953613281    0.03221141919493675    22.081804275512695    7.58335018157959
17872.501953125    441.5419921875    0.034237537533044815    22.140743255615234    7.584813117980957
18500    454.8416411719824    0.03869853858532703    22.27051200964733    7.588034134593449
