1000.0288314819336    301.3977241516113    14.610390543937683
7.5    301.39752197265625    14.610617637634277    -13.819938659667969    -4.609230041503906
22.5    301.3970947265625    14.611101150512695    -14.040424346923828    -2.211592674255371
37.5    301.3966369628906    14.611623764038086    -14.042048454284668    -0.5175831913948059
53.65380096435547    301.3961486816406    14.61221694946289    -13.945796012878418    1.0159811973571777
72.11540222167969    301.3956298828125    14.612884521484375    -13.811457633972168    2.482614517211914
92.88459777832031    301.3952331542969    14.613555908203125    -13.701845169067383    3.8050153255462646
115.96150207519531    301.3951110839844    14.614053726196289    -13.634800910949707    4.839840888977051
141.34620666503906    301.395751953125    14.613971710205078    -13.538433074951172    5.41621208190918
169.0384979248047    301.3975524902344    14.612828254699707    -13.340429306030273    5.564062595367432
199.0384979248047    301.39984130859375    14.611339569091797    -13.100156784057617    5.992656230926514
231.34620666503906    301.4022216796875    14.60975170135498    -12.689913749694824    6.702487945556641
265.96160888671875    301.4049987792969    14.607714653015137    -12.316312789916992    7.43317985534668
302.8846130371094    301.4087219238281    14.60470962524414    -12.381366729736328    7.832553386688232
342.1153869628906    301.41326904296875    14.600921630859375    -12.545000076293945    8.028315544128418
383.6539001464844    301.4187927246094    14.595836639404297    -12.158720016479492    8.302533149719238
427.5    301.4284362792969    14.585648536682129    -11.550858497619629    8.373129844665527
473.65380859375    301.4510192871094    14.559236526489258    -11.042614936828613    8.226743698120117
522.1154174804688    301.4992370605469    14.501304626464844    -10.778440475463867    8.169473648071289
572.8847045898438    301.5489501953125    14.443013191223145    -10.485913276672363    8.381664276123047
625.9616088867188    301.5574645996094    14.434981346130371    -10.084209442138672    9.186166763305664
681.34619140625    301.53363037109375    14.467474937438965    -10.059189796447754    9.81077766418457
739.0383911132812    301.5114440917969    14.49855899810791    -10.398815155029297    10.26337718963623
799.0383911132812    301.51416015625    14.497785568237305    -10.29142951965332    10.48405933380127
861.34619140625    301.544677734375    14.461579322814941    -9.013851165771484    10.203280448913574
925.9616088867188    301.59783935546875    14.397089004516602    -8.000704765319824    9.810663223266602
992.8847045898438    301.6601257324219    14.318263053894043    -7.465456008911133    9.795185089111328
1062.1156005859375    301.9045715332031    13.989450454711914    -6.346375942230225    9.614521026611328
1133.6539306640625    302.3846435546875    13.2965726852417    -4.632342338562012    9.200109481811523
1207.5001220703125    302.7973327636719    12.653923988342285    -3.6513428688049316    8.500397682189941
1283.65380859375    303.1360168457031    12.09084701538086    -3.15751576423645    7.909587860107422
1362.115478515625    303.4702453613281    11.515236854553223    -2.6925525665283203    7.621766090393066
1442.884765625    303.78424072265625    10.949722290039062    -2.231680393218994    7.434939861297607
1525.9617919921875    304.0127258300781    10.524500846862793    -1.9268549680709839    7.276126861572266
1611.34619140625    304.2063293457031    10.186285972595215    -1.6934325695037842    7.2275214195251465
1699.03857421875    304.4386901855469    9.807640075683594    -1.392856240272522    7.270244598388672
1789.03857421875    304.7002258300781    9.394635200500488    -1.0148873329162598    7.355689525604248
1881.34619140625    304.9748229980469    8.974641799926758    -0.6103867292404175    7.394570827484131
1975.9615478515625    305.2437744140625    8.57868766784668    -0.2192174196243286    7.418653964996338
2072.884521484375    305.4976806640625    8.216737747192383    0.1392686516046524    7.454449653625488
2172.115234375    305.7671203613281    7.851069927215576    0.501162588596344    7.533355712890625
2273.654052734375    306.0824279785156    7.4392313957214355    0.9238413572311401    7.613584995269775
2377.5    306.433837890625    6.998405933380127    1.4095251560211182    7.5968756675720215
2483.654052734375    306.7689514160156    6.595922470092773    1.8673101663589478    7.496227741241455
2592.11572265625    307.0633239746094    6.259578227996826    2.230909585952759    7.403611183166504
2702.885009765625    307.3656311035156    5.942654132843018    2.5601706504821777    7.418031692504883
2815.961669921875    307.7043762207031    5.614961624145508    2.9419426918029785    7.489930629730225
2931.346435546875    308.05169677734375    5.281553268432617    3.3509058952331543    7.491939067840576
3049.03857421875    308.4155578613281    4.949626445770264    3.7664542198181152    7.44107723236084
3169.038818359375    308.79193115234375    4.6426920890808105    4.190403938293457    7.376776695251465
3291.34619140625    309.14874267578125    4.365734577178955    4.5879106521606445    7.281064987182617
3415.961669921875    309.4645690917969    4.116991996765137    4.942008972167969    7.208641052246094
3542.884765625    309.759521484375    3.887662887573242    5.273104190826416    7.178462028503418
3672.115234375    310.078857421875    3.6596240997314453    5.6209716796875    7.191020965576172
3803.654052734375    310.43798828125    3.437187910079956    5.992084980010986    7.2581377029418945
3937.50048828125    310.81787109375    3.2214174270629883    6.370777130126953    7.3505353927612305
4073.654296875    311.20989990234375    2.9937212467193604    6.780754089355469    7.417855262756348
4212.115234375    311.5914611816406    2.7686362266540527    7.210515975952148    7.448134422302246
4352.884765625    311.9433288574219    2.574240207672119    7.5962066650390625    7.406068801879883
4495.96142578125    312.3008117675781    2.40391206741333    7.9418864250183105    7.367810249328613
4641.3466796875    312.70751953125    2.2413103580474854    8.301410675048828    7.435188293457031
4789.03857421875    313.1689453125    2.0686373710632324    8.715226173400879    7.541085243225098
4939.03857421875    313.61737060546875    1.8955317735671997    9.151796340942383    7.598158359527588
5091.34619140625    314.024169921875    1.737257480621338    9.566261291503906    7.606419563293457
5245.96142578125    314.4185485839844    1.5916959047317505    9.95792007446289    7.570318222045898
5402.884765625    314.81414794921875    1.4559296369552612    10.335002899169922    7.541287899017334
5562.11572265625    315.2230529785156    1.330967903137207    10.703496932983398    7.573957443237305
5723.65478515625    315.6699523925781    1.2173365354537964    11.080265045166016    7.619319915771484
5887.50048828125    316.17523193359375    1.1130046844482422    11.467998504638672    7.617007255554199
6053.654296875    316.7085266113281    1.0116515159606934    11.846694946289062    7.592276096343994
6222.11572265625    317.2067565917969    0.911536693572998    12.219359397888184    7.605262756347656
6392.88525390625    317.67669677734375    0.8177844285964966    12.594657897949219    7.596587657928467
6565.96142578125    318.14105224609375    0.7332662343978882    12.957645416259766    7.533143043518066
6741.345703125    318.591064453125    0.6581788659095764    13.290088653564453    7.470650672912598
6919.03857421875    319.0354309082031    0.5892342925071716    13.612712860107422    7.472884178161621
7099.0390625    319.52532958984375    0.5235468149185181    13.958624839782715    7.521380424499512
7281.345703125    320.0354919433594    0.463206022977829    14.30651569366455    7.519269943237305
7465.96142578125    320.51971435546875    0.4100113809108734    14.627948760986328    7.476062774658203
7652.884765625    320.9938049316406    0.361756294965744    14.938883781433105    7.446075439453125
7842.115234375    321.50341796875    0.31877797842025757    15.243398666381836    7.418800354003906
8033.654296875    322.069091796875    0.2816357910633087    15.535888671875    7.388214111328125
8227.5    322.6553039550781    0.24804705381393433    15.819530487060547    7.443417072296143
8423.6533203125    323.2274475097656    0.21549777686595917    16.116016387939453    7.560254096984863
8622.1162109375    323.7779235839844    0.18570983409881592    16.419174194335938    7.587653160095215
8822.8857421875    324.31072998046875    0.16022035479545593    16.69558334350586    7.556412220001221
9025.9619140625    324.8531799316406    0.13717778027057648    16.95708465576172    7.576812744140625
9231.345703125    325.3976135253906    0.11639322340488434    17.225208282470703    7.570770263671875
9439.0390625    325.9503479003906    0.09870590269565582    17.489288330078125    7.521389961242676
9649.0390625    326.5221862792969    0.08357064425945282    17.735694885253906    7.509710311889648
9861.34765625    327.1075439453125    0.0703241378068924    17.972028732299805    7.533872127532959
10075.9609375    327.6742858886719    0.05889017507433891    18.20047378540039    7.52197265625
10292.884765625    328.2120056152344    0.049164075404405594    18.414749145507812    7.516504287719727
10512.115234375    328.7803955078125    0.04078476130962372    18.621498107910156    7.568231582641602
10733.6552734375    329.39788818359375    0.03341606631875038    18.832571029663086    7.585312843322754
10957.5    330.0118713378906    0.027199456468224525    19.039203643798828    7.530754089355469
11183.654296875    330.5943603515625    0.022111978381872177    19.23039436340332    7.521944046020508
11412.1162109375    331.1973876953125    0.017706437036395073    19.41086196899414    7.601902961730957
11642.884765625    331.90728759765625    0.013847436755895615    19.58898162841797    7.653104305267334
11875.9609375    332.9646301269531    0.011140965856611729    19.770030975341797    7.622375011444092
12111.34765625    335.02484130859375    0.010385150089859962    19.95343780517578    7.485686302185059
12349.0400390625    338.5207824707031    0.010583964176476002    20.116588592529297    7.530045509338379
12589.0400390625    342.7402648925781    0.011126183904707432    20.28002166748047    7.707187652587891
12831.3466796875    346.9066467285156    0.011774713173508644    20.44339942932129    7.5864362716674805
13075.9609375    350.8882751464844    0.012375947088003159    20.57813262939453    7.424186706542969
13322.8857421875    354.962646484375    0.012981210835278034    20.701282501220703    7.468859672546387
13572.1171875    359.1966247558594    0.013648579828441143    20.828861236572266    7.528090476989746
13823.65625    363.5172119140625    0.014363080263137817    20.97454071044922    7.5982208251953125
14077.5009765625    367.83453369140625    0.015138594433665276    21.128923416137695    7.6392693519592285
14333.65625    372.34344482421875    0.015982717275619507    21.260360717773438    7.658156394958496
14592.1171875    377.1763916015625    0.016897348687052727    21.385639190673828    7.724861145019531
14852.884765625    382.20458984375    0.017873302102088928    21.500648498535156    7.698531627655029
15115.9619140625    387.11187744140625    0.018943607807159424    21.578765869140625    7.633306503295898
15381.34765625    392.0069274902344    0.020102359354496002    21.650793075561523    7.494379997253418
15649.0400390625    397.02978515625    0.021255066618323326    21.692195892333984    7.341289520263672
15919.0400390625    402.1895446777344    0.0224931538105011    21.711933135986328    7.352417945861816
16191.34765625    407.4765625    0.02382390759885311    21.734397888183594    7.371150970458984
16465.9609375    412.86773681640625    0.025224264711141586    21.75737762451172    7.383322238922119
16742.884765625    418.36932373046875    0.026775715872645378    21.785987854003906    7.419807434082031
17022.1171875    423.966552734375    0.02847866155207157    21.82349395751953    7.451666831970215
17303.65625    429.714111328125    0.03028213605284691    21.868606567382812    7.447829723358154
17587.501953125    435.59552001953125    0.03224076330661774    21.917369842529297    7.434443473815918
17872.501953125    441.5749206542969    0.03424520418047905    21.965923309326172    7.432186126708984
18500    454.7400512500813    0.03865847692933656    22.072825785059678    7.427216018285407
