1000.0169143676758    301.40193939208984    14.605489253997803
7.5    301.40179443359375    14.605676651000977    -13.515605926513672    -5.746429443359375
22.5    301.40155029296875    14.60606575012207    -13.927061080932617    -3.9269790649414062
37.5    301.4013671875    14.606473922729492    -14.186753273010254    -2.527657985687256
53.65380096435547    301.4012145996094    14.606901168823242    -14.311970710754395    -1.3141677379608154
72.11540222167969    301.4011535644531    14.607268333435059    -14.305919647216797    -0.16581237316131592
92.88459777832031    301.4013366699219    14.607519149780273    -14.172661781311035    0.8399549722671509
115.96150207519531    301.4020690917969    14.607254981994629    -13.930346488952637    1.7124673128128052
141.34620666503906    301.4042663574219    14.605368614196777    -13.560781478881836    2.4979145526885986
169.0384979248047    301.4091491699219    14.600482940673828    -13.113565444946289    3.4677391052246094
199.0384979248047    301.4169921875    14.591882705688477    -12.600135803222656    4.955131530761719
231.34620666503906    301.4285583496094    14.578948020935059    -12.184518814086914    6.84419059753418
265.96160888671875    301.44354248046875    14.562268257141113    -12.080362319946289    8.420988082885742
302.8846130371094    301.45379638671875    14.551584243774414    -12.064587593078613    8.973060607910156
342.1153869628906    301.4530944824219    14.554247856140137    -11.640119552612305    8.6303129196167
383.6539001464844    301.448974609375    14.560883522033691    -10.685874938964844    7.796599388122559
427.5    301.4450378417969    14.567464828491211    -10.028295516967773    6.940201759338379
473.65380859375    301.444580078125    14.57028865814209    -9.89827823638916    6.682624340057373
522.1154174804688    301.46197509765625    14.552334785461426    -9.732300758361816    7.138526916503906
572.8847045898438    301.48468017578125    14.527501106262207    -9.048185348510742    8.264427185058594
625.9616088867188    301.5025939941406    14.507652282714844    -8.795995712280273    9.602294921875
681.34619140625    301.52227783203125    14.48525619506836    -8.859479904174805    10.470844268798828
739.0383911132812    301.5346984863281    14.472234725952148    -8.856330871582031    10.66278076171875
799.0383911132812    301.5430908203125    14.464776039123535    -8.605871200561523    10.55030632019043
861.34619140625    301.55438232421875    14.453749656677246    -8.312837600708008    10.340082168579102
925.9616088867188    301.6437072753906    14.339517593383789    -7.936593532562256    10.331679344177246
992.8847045898438    301.7867736816406    14.153141021728516    -7.335402011871338    10.430354118347168
1062.1156005859375    301.9270324707031    13.96733570098877    -6.491442680358887    10.04509449005127
1133.6539306640625    302.14544677734375    13.662836074829102    -5.284881114959717    9.231060028076172
1207.5001220703125    302.4247741699219    13.246001243591309    -4.503631591796875    8.951664924621582
1283.65380859375    302.934326171875    12.427061080932617    -3.495185375213623    8.664335250854492
1362.115478515625    303.4671936035156    11.51259994506836    -2.6305553913116455    8.098943710327148
1442.884765625    303.7580871582031    10.981201171875    -2.219360113143921    7.821582794189453
1525.9617919921875    304.0698547363281    10.415746688842773    -1.8319718837738037    7.796319961547852
1611.34619140625    304.33514404296875    9.97150707244873    -1.4546797275543213    7.763815879821777
1699.03857421875    304.58404541015625    9.575759887695312    -1.0658915042877197    7.648857116699219
1789.03857421875    304.8241882324219    9.202298164367676    -0.7106691002845764    7.546893119812012
1881.34619140625    305.0538024902344    8.854836463928223    -0.38957303762435913    7.556155204772949
1975.9615478515625    305.31182861328125    8.478339195251465    -0.041914183646440506    7.650369644165039
2072.884521484375    305.6317138671875    8.032329559326172    0.39645934104919434    7.7296342849731445
2172.115234375    305.9713134765625    7.581058025360107    0.8613302707672119    7.652309417724609
2273.654052734375    306.26300048828125    7.208125114440918    1.2504189014434814    7.546061038970947
2377.5    306.52587890625    6.883907794952393    1.5781326293945312    7.503055572509766
2483.654052734375    306.7925720214844    6.568658351898193    1.89705228805542    7.483550071716309
2592.11572265625    307.0780029296875    6.248424530029297    2.231024742126465    7.465534210205078
2702.885009765625    307.3782653808594    5.933037281036377    2.578868865966797    7.465431213378906
2815.961669921875    307.6968994140625    5.62031888961792    2.951584577560425    7.51246452331543
2931.346435546875    308.0262756347656    5.3051347732543945    3.3507909774780273    7.588874816894531
3049.03857421875    308.35906982421875    4.999809265136719    3.757584571838379    7.63784122467041
3169.038818359375    308.7037353515625    4.712120532989502    4.156565189361572    7.652446746826172
3291.34619140625    309.0668029785156    4.427943229675293    4.557282447814941    7.641593933105469
3415.961669921875    309.43084716796875    4.141629219055176    4.963319301605225    7.600010871887207
3542.884765625    309.78131103515625    3.871103525161743    5.350954055786133    7.549968719482422
3672.115234375    310.12994384765625    3.627333164215088    5.716693878173828    7.506147861480713
3803.654052734375    310.5010986328125    3.401132822036743    6.087189674377441    7.467006206512451
3937.50048828125    310.8861999511719    3.181410789489746    6.479068756103516    7.457738876342773
4073.654296875    311.2476501464844    2.9713022708892822    6.8615827560424805    7.4509382247924805
4212.115234375    311.5916442871094    2.7684762477874756    7.219358444213867    7.402899742126465
4352.884765625    311.9610595703125    2.5654067993164062    7.588490009307861    7.363866806030273
4495.96142578125    312.38690185546875    2.3683266639709473    7.995674133300781    7.36710262298584
4641.3466796875    312.84332275390625    2.1901557445526123    8.414072036743164    7.374603748321533
4789.03857421875    313.27593994140625    2.02825665473938    8.804283142089844    7.3713579177856445
4939.03857421875    313.6720275878906    1.8741157054901123    9.164615631103516    7.408993721008301
5091.34619140625    314.0677490234375    1.7201839685440063    9.539752960205078    7.447867393493652
5245.96142578125    314.4708557128906    1.5730869770050049    9.933353424072266    7.489009857177734
5402.884765625    314.8778076171875    1.435788631439209    10.3212890625    7.570373058319092
5562.11572265625    315.3117370605469    1.3060880899429321    10.707481384277344    7.621142387390137
5723.65478515625    315.7962646484375    1.1879589557647705    11.094053268432617    7.619868278503418
5887.50048828125    316.3346862792969    1.0822697877883911    11.4732084274292    7.578621864318848
6053.654296875    316.8614807128906    0.9825727939605713    11.839153289794922    7.547873497009277
6222.11572265625    317.3238830566406    0.8873169422149658    12.198988914489746    7.536785125732422
6392.88525390625    317.7785339355469    0.7981142997741699    12.555288314819336    7.546300411224365
6565.96142578125    318.25244140625    0.7143276333808899    12.91286849975586    7.574729919433594
6741.345703125    318.7259826660156    0.6370543241500854    13.271299362182617    7.546666145324707
6919.03857421875    319.171630859375    0.570212721824646    13.60490608215332    7.447331428527832
7099.0390625    319.6083984375    0.5133364200592041    13.903850555419922    7.3846588134765625
7281.345703125    320.07464599609375    0.458667516708374    14.196433067321777    7.411093235015869
7465.96142578125    320.5587158203125    0.40569597482681274    14.509881973266602    7.414644241333008
7652.884765625    321.0311584472656    0.35814526677131653    14.819597244262695    7.3972625732421875
7842.115234375    321.5512390136719    0.31533658504486084    15.124772071838379    7.465083122253418
8033.654296875    322.1551818847656    0.27660343050956726    15.4384765625    7.496746063232422
8227.5    322.75299072265625    0.2424713522195816    15.740106582641602    7.450244903564453
8423.6533203125    323.28936767578125    0.21207603812217712    16.01767349243164    7.442391395568848
8622.1162109375    323.8108825683594    0.18411970138549805    16.286394119262695    7.461246967315674
8822.8857421875    324.3501281738281    0.15850088000297546    16.55795669555664    7.443706512451172
9025.9619140625    324.8870849609375    0.1357869654893875    16.826457977294922    7.442147254943848
9231.345703125    325.41162109375    0.11586055159568787    17.08346939086914    7.487959861755371
9439.0390625    325.9736022949219    0.09802847355604172    17.337215423583984    7.507176399230957
9649.0390625    326.5767517089844    0.08226988464593887    17.593467712402344    7.491463661193848
9861.34765625    327.1740417480469    0.06891749799251556    17.841083526611328    7.438522815704346
10075.9609375    327.7305908203125    0.057803429663181305    18.065204620361328    7.415082931518555
10292.884765625    328.28619384765625    0.04796163737773895    18.281803131103516    7.467883110046387
10512.115234375    328.8856201171875    0.03942552208900452    18.496910095214844    7.519168376922607
10733.6552734375    329.4947509765625    0.032372407615184784    18.69746208190918    7.560236930847168
10957.5    330.0926818847656    0.026451261714100838    18.89664077758789    7.578924179077148
11183.654296875    330.6846618652344    0.02140647917985916    19.090238571166992    7.544885635375977
11412.1162109375    331.30401611328125    0.01702229492366314    19.27513885498047    7.479685306549072
11642.884765625    332.02264404296875    0.013345238752663136    19.44858169555664    7.4036149978637695
11875.9609375    333.0814208984375    0.010992225259542465    19.60004425048828    7.328854084014893
12111.34765625    335.1151123046875    0.010390895418822765    19.744531631469727    7.280325412750244
12349.0400390625    338.61505126953125    0.010594707913696766    19.9091739654541    7.38187837600708
12589.0400390625    342.67901611328125    0.011115787550807    20.079870223999023    7.409045219421387
12831.3466796875    346.590576171875    0.011724472977221012    20.224716186523438    7.438549518585205
13075.9609375    350.7199401855469    0.012351133860647678    20.376392364501953    7.656434535980225
13322.8857421875    355.08074951171875    0.012999431230127811    20.535486221313477    7.657725811004639
13572.1171875    359.30316162109375    0.01366565003991127    20.66940689086914    7.442746162414551
13823.65625    363.50250244140625    0.01436129491776228    20.801284790039062    7.399626731872559
14077.5009765625    367.80535888671875    0.015133066102862358    20.9443416595459    7.529191017150879
14333.65625    372.3493347167969    0.01598350889980793    21.09152603149414    7.654425621032715
14592.1171875    377.1548767089844    0.016892939805984497    21.24530029296875    7.579008102416992
14852.884765625    382.0003356933594    0.017831649631261826    21.388286590576172    7.440194129943848
15115.9619140625    386.66082763671875    0.018838996067643166    21.51869773864746    7.416975021362305
15381.34765625    391.3827819824219    0.019957317039370537    21.660228729248047    7.492814064025879
15649.0400390625    396.57080078125    0.02114086225628853    21.803909301757812    7.579779148101807
15919.0400390625    401.9196472167969    0.022410303354263306    21.907196044921875    7.562046527862549
16191.34765625    407.27130126953125    0.023750007152557373    21.960391998291016    7.531469345092773
16465.9609375    412.6971130371094    0.025150766596198082    21.983327865600586    7.545186519622803
16742.884765625    418.264892578125    0.02670753002166748    21.995798110961914    7.583332061767578
17022.1171875    423.9677429199219    0.02844621241092682    22.011110305786133    7.568378448486328
17303.65625    429.7413024902344    0.03026966191828251    22.03156852722168    7.520346164703369
17587.501953125    435.60748291015625    0.03222987428307533    22.05975341796875    7.509957790374756
17872.501953125    441.58013916015625    0.03424239531159401    22.09821319580078    7.518810749053955
18500    454.7304203234221    0.038673458521033786    22.182891916758134    7.538302728984701
