1000.0258026123047    301.42555236816406    14.580291748046875
7.5    301.42529296875    14.580761909484863    -12.878966331481934    -4.703433990478516
22.5    301.4247741699219    14.581733703613281    -13.336257934570312    -2.795611619949341
37.5    301.42425537109375    14.582747459411621    -13.824270248413086    -1.7774221897125244
53.65380096435547    301.4239501953125    14.583540916442871    -14.24539566040039    -0.9657287001609802
72.11540222167969    301.424072265625    14.583765029907227    -14.342697143554688    0.03387269750237465
92.88459777832031    301.4246826171875    14.583318710327148    -14.038129806518555    1.2728204727172852
115.96150207519531    301.42572021484375    14.582277297973633    -13.485427856445312    2.619561195373535
141.34620666503906    301.42718505859375    14.580723762512207    -12.836247444152832    3.969423294067383
169.0384979248047    301.42901611328125    14.57885456085205    -12.499490737915039    5.197867393493652
199.0384979248047    301.4309997558594    14.577230453491211    -12.55369758605957    5.913893699645996
231.34620666503906    301.4322814941406    14.576772689819336    -12.832809448242188    6.523651599884033
265.96160888671875    301.4337463378906    14.576090812683105    -12.900968551635742    6.958560943603516
302.8846130371094    301.4374694824219    14.573197364807129    -12.376585006713867    6.6012492179870605
342.1153869628906    301.445068359375    14.566251754760742    -11.602288246154785    5.915313720703125
383.6539001464844    301.44879150390625    14.563277244567871    -11.442561149597168    5.736493110656738
427.5    301.455810546875    14.555852890014648    -11.144556045532227    6.54615592956543
473.65380859375    301.482421875    14.524070739746094    -10.413040161132812    8.107222557067871
522.1154174804688    301.5379638671875    14.457513809204102    -9.789714813232422    9.122970581054688
572.8847045898438    301.6180419921875    14.362251281738281    -9.300271987915039    9.595544815063477
625.9616088867188    301.66961669921875    14.299806594848633    -8.75387191772461    10.036460876464844
681.34619140625    301.67425537109375    14.294041633605957    -8.054093360900879    10.427984237670898
739.0383911132812    301.6863708496094    14.278857231140137    -7.485583782196045    10.467901229858398
799.0383911132812    301.7183837890625    14.237800598144531    -7.336878776550293    10.388474464416504
861.34619140625    301.76806640625    14.171109199523926    -7.131549835205078    10.288629531860352
925.9616088867188    301.984130859375    13.865775108337402    -6.456543922424316    10.26423454284668
992.8847045898438    302.2842102050781    13.424785614013672    -6.225058555603027    9.400882720947266
1062.1156005859375    302.4422607421875    13.187623977661133    -5.155248641967773    8.47713851928711
1133.6539306640625    302.58154296875    12.979933738708496    -4.012022495269775    8.062649726867676
1207.5001220703125    303.1570129394531    12.059065818786621    -3.1363883018493652    7.7361979484558105
1283.65380859375    303.6603698730469    11.180038452148438    -2.6057677268981934    7.436692237854004
1362.115478515625    304.0370788574219    10.472801208496094    -2.1892714500427246    7.359623908996582
1442.884765625    304.24871826171875    10.100419044494629    -1.9644274711608887    7.263265609741211
1525.9617919921875    304.4356994628906    9.80291748046875    -1.7412950992584229    7.222992897033691
1611.34619140625    304.6589050292969    9.454646110534668    -1.4957916736602783    7.213852405548096
1699.03857421875    304.90087890625    9.081155776977539    -1.2244105339050293    7.199054718017578
1789.03857421875    305.1348876953125    8.730944633483887    -0.9352371692657471    7.1889119148254395
1881.34619140625    305.365234375    8.39956283569336    -0.6183486580848694    7.185894012451172
1975.9615478515625    305.6036376953125    8.0680513381958    -0.2849145531654358    7.139325141906738
2072.884521484375    305.8428649902344    7.747603416442871    0.04640650376677513    7.113123416900635
2172.115234375    306.0849304199219    7.4344964027404785    0.38459667563438416    7.196363925933838
2273.654052734375    306.33905029296875    7.11246919631958    0.740891695022583    7.301792144775391
2377.5    306.6201477050781    6.770858287811279    1.121124029159546    7.346518516540527
2483.654052734375    306.92041015625    6.419095039367676    1.5337700843811035    7.351314067840576
2592.11572265625    307.21258544921875    6.097176551818848    1.93194580078125    7.348997116088867
2702.885009765625    307.501708984375    5.8065924644470215    2.295646905899048    7.329914093017578
2815.961669921875    307.7996826171875    5.523055076599121    2.6627349853515625    7.320253372192383
2931.346435546875    308.0939636230469    5.241184711456299    3.033517599105835    7.358538627624512
3049.03857421875    308.4073791503906    4.9555840492248535    3.4200339317321777    7.414446830749512
3169.038818359375    308.7536926269531    4.672468662261963    3.8361682891845703    7.464068412780762
3291.34619140625    309.1097412109375    4.395878314971924    4.250241279602051    7.486495018005371
3415.961669921875    309.4692687988281    4.112850189208984    4.6707963943481445    7.519706726074219
3542.884765625    309.8374938964844    3.829233407974243    5.107657432556152    7.565523147583008
3672.115234375    310.21417236328125    3.5722239017486572    5.535290718078613    7.557615756988525
3803.654052734375    310.595458984375    3.3466036319732666    5.942928791046143    7.507944583892822
3937.50048828125    310.9587707519531    3.1404659748077393    6.325285911560059    7.484515190124512
4073.654296875    311.3151550292969    2.9311163425445557    6.715177536010742    7.482577323913574
4212.115234375    311.6747741699219    2.720621109008789    7.117127418518066    7.460781097412109
4352.884765625    312.0287780761719    2.5300004482269287    7.494900703430176    7.436153411865234
4495.96142578125    312.414306640625    2.3557121753692627    7.868953227996826    7.456052780151367
4641.3466796875    312.84765625    2.1886942386627197    8.264453887939453    7.45387077331543
4789.03857421875    313.2740478515625    2.029076337814331    8.658817291259766    7.420341491699219
4939.03857421875    313.670654296875    1.8742507696151733    9.04141616821289    7.438433647155762
5091.34619140625    314.05560302734375    1.7240959405899048    9.429239273071289    7.488092422485352
5245.96142578125    314.43853759765625    1.5843006372451782    9.82304573059082    7.466208457946777
5402.884765625    314.8243713378906    1.453075647354126    10.20315933227539    7.435216426849365
5562.11572265625    315.2535705566406    1.3221406936645508    10.596343040466309    7.470026969909668
5723.65478515625    315.7239990234375    1.2034965753555298    10.988960266113281    7.524828910827637
5887.50048828125    316.2469177246094    1.0987790822982788    11.382756233215332    7.532883644104004
6053.654296875    316.78436279296875    0.9970419406890869    11.77444076538086    7.508299827575684
6222.11572265625    317.2609558105469    0.90028977394104    12.145301818847656    7.518647193908691
6392.88525390625    317.71124267578125    0.8110005855560303    12.498180389404297    7.546439170837402
6565.96142578125    318.18072509765625    0.7266418933868408    12.85429573059082    7.567817687988281
6741.345703125    318.654541015625    0.6483408212661743    13.21586799621582    7.580621719360352
6919.03857421875    319.1127624511719    0.5785489678382874    13.567776679992676    7.566181182861328
7099.0390625    319.58673095703125    0.5160293579101562    13.90893268585205    7.537174224853516
7281.345703125    320.07489013671875    0.45868462324142456    14.236923217773438    7.509220123291016
7465.96142578125    320.55364990234375    0.40618640184402466    14.551032066345215    7.489500045776367
7652.884765625    321.0362243652344    0.35774725675582886    14.861248970031738    7.502354621887207
7842.115234375    321.57659912109375    0.31357619166374207    15.176036834716797    7.518414497375488
8033.654296875    322.1728515625    0.2754117548465729    15.479408264160156    7.4868364334106445
8227.5    322.7574157714844    0.24219569563865662    15.765850067138672    7.418328762054443
8423.6533203125    323.29022216796875    0.2120939940214157    16.042877197265625    7.379930019378662
8622.1162109375    323.7967529296875    0.1847817301750183    16.309389114379883    7.391787528991699
8822.8857421875    324.3192443847656    0.15987829864025116    16.56831169128418    7.445856094360352
9025.9619140625    324.86761474609375    0.13661913573741913    16.84298324584961    7.488955497741699
9231.345703125    325.4052429199219    0.11609603464603424    17.121280670166016    7.464868545532227
9439.0390625    325.9590148925781    0.09845012426376343    17.374256134033203    7.469255447387695
9649.0390625    326.5644226074219    0.08257289975881577    17.624507904052734    7.499486923217773
9861.34765625    327.1730041503906    0.0689363032579422    17.875713348388672    7.479456901550293
10075.9609375    327.73077392578125    0.05778391659259796    18.11288070678711    7.390944480895996
10292.884765625    328.24554443359375    0.04862871393561363    18.324270248413086    7.327071189880371
10512.115234375    328.7962951660156    0.04059012979269028    18.524242401123047    7.380550384521484
10733.6552734375    329.4040222167969    0.033345744013786316    18.73189926147461    7.4391021728515625
10957.5    330.00054931640625    0.02729659713804722    18.930381774902344    7.442798614501953
11183.654296875    330.56353759765625    0.022356519475579262    19.111675262451172    7.495224952697754
11412.1162109375    331.1581726074219    0.01796889677643776    19.29830551147461    7.605070114135742
11642.884765625    331.8624572753906    0.014020254835486412    19.492382049560547    7.67359733581543
11875.9609375    332.9286193847656    0.011199858039617538    19.677215576171875    7.68775749206543
12111.34765625    335.0690612792969    0.010400466620922089    19.86270523071289    7.654907703399658
12349.0400390625    338.6511535644531    0.010596715845167637    20.051441192626953    7.632060527801514
12589.0400390625    342.7357482910156    0.011125355958938599    20.21537971496582    7.712699890136719
12831.3466796875    346.84197998046875    0.01176462322473526    20.356189727783203    7.740544319152832
13075.9609375    350.9122009277344    0.01237962581217289    20.502727508544922    7.647127151489258
13322.8857421875    354.9837341308594    0.012984209693968296    20.65271759033203    7.591529369354248
13572.1171875    359.2082214355469    0.013650781475007534    20.791473388671875    7.552750587463379
13823.65625    363.59649658203125    0.014376487582921982    20.924991607666016    7.5102081298828125
14077.5009765625    367.9317321777344    0.015156490728259087    21.053443908691406    7.569053649902344
14333.65625    372.4158630371094    0.015996407717466354    21.187644958496094    7.587258815765381
14592.1171875    377.2349548339844    0.016908861696720123    21.318777084350586    7.481939315795898
14852.884765625    382.2471618652344    0.017882460728287697    21.429941177368164    7.468229293823242
15115.9619140625    387.0546875    0.018930360674858093    21.531587600708008    7.5113725662231445
15381.34765625    391.726318359375    0.020039672031998634    21.63693618774414    7.4598517417907715
15649.0400390625    396.71240234375    0.021179810166358948    21.72828483581543    7.432891368865967
15919.0400390625    401.9656066894531    0.022430742159485817    21.790912628173828    7.4971208572387695
16191.34765625    407.3578796386719    0.023779939860105515    21.82188606262207    7.540131568908691
16465.9609375    412.8883056640625    0.025209061801433563    21.83385467529297    7.520279884338379
16742.884765625    418.4385681152344    0.026781857013702393    21.846328735351562    7.4357805252075195
17022.1171875    424.0077209472656    0.028484664857387543    21.867210388183594    7.4188995361328125
17303.65625    429.7276611328125    0.030285686254501343    21.899288177490234    7.461821556091309
17587.501953125    435.6007080078125    0.03224274888634682    21.939273834228516    7.480563163757324
17872.501953125    441.5788879394531    0.034245558083057404    21.983417510986328    7.478128433227539
18500    454.7413308551437    0.03865523829077383    22.080610742380745    7.472767771290321
